45.078125, 1
24.234375, 2
17.106771, 3
14.572470, 4
11.137760, 5
10.091220, 6
8.553609, 7
7.727703, 8
6.299479, 9
5.766927, 10
5.552927, 11
5.356641, 12
5.154136, 13
4.870791, 14
4.304458, 15
4.201551, 16
4.086031, 17
3.681882, 18
3.782341, 19
3.599882, 20
3.521350, 21
3.403476, 22
3.135781, 23
3.224571, 24
3.082199, 25
3.086146, 26
3.076267, 27
3.034444, 28
2.635603, 29
2.736328, 30
2.640802, 31
2.809973, 32
2.725191, 33
2.531181, 34
2.335472, 35
2.646754, 36
2.510305, 37
2.339695, 38
2.362429, 39
2.223296, 40
2.255418, 41
2.202994, 42
2.226035, 43
2.017780, 44
2.042051, 45
2.241680, 46
1.904007, 47
2.238368, 48
2.147031, 49
1.851426, 50
2.062898, 51
2.117663, 52
1.998638, 53
1.866927, 54
1.877170, 55
1.980499, 56
1.829415, 57
1.725298, 58
1.839536, 59
1.836130, 60
1.923372, 61
1.893588, 62
1.757887, 63
1.833048, 64
1.705103, 65
1.827442, 66
1.707339, 67
1.773841, 68
1.807365, 69
1.778784, 70
1.738727, 71
1.620939, 72
1.517188, 73
1.722615, 74
1.803166, 75
1.799121, 76
1.516778, 77
1.606090, 78
1.617068, 79
1.529167, 80
1.466667, 81
1.563281, 82
1.751584, 83
1.623375, 84
1.655654, 85
1.411452, 86
1.678599, 87
1.579269, 88
1.612295, 89
1.540260, 90
1.604047, 91
1.531130, 92
1.508997, 93
1.517510, 94
1.492521, 95
1.567730, 96
1.550680, 97
1.570249, 98
1.523214, 99
1.516636, 100
1.472519, 101
1.468569, 102
1.446875, 103
1.465904, 104
1.485220, 105
1.567323, 106
1.455743, 107
1.473687, 108
1.571773, 109
1.458400, 110
1.489652, 111
1.473099, 112
1.504917, 113
1.355478, 114
1.444538, 115
1.437323, 116
1.479450, 117
1.412153, 118
1.361777, 119
1.363002, 120
1.234375, 121
1.433874, 122
1.462971, 123
1.386281, 124
1.421508, 125
1.409054, 126
1.379652, 127
1.390272, 128
1.444293, 129
1.398742, 130
1.391716, 131
1.355978, 132
1.156250, 133
1.334673, 134
1.326654, 135
1.439395, 136
1.380166, 137
1.344411, 138
1.304688, 139
1.378986, 140
1.393989, 141
1.350949, 142
1.349554, 143
1.324745, 144
1.348760, 145
1.268229, 146
1.358829, 147
1.322656, 148
1.220573, 149
1.250260, 150
1.325283, 151
1.288052, 152
1.300435, 153
1.318126, 154
1.303229, 155
1.284989, 156
1.285774, 157
1.268572, 158
1.271434, 159
1.332050, 160
1.329880, 161
1.274740, 162
1.273918, 163
1.156250, 164
1.305841, 165
1.299364, 166
1.261731, 167
1.290587, 168
1.282465, 169
1.322406, 170
1.304489, 171
1.239583, 172
1.319409, 173
1.252480, 174
1.318707, 175
1.313349, 176
1.251184, 177
1.254584, 178
1.274405, 179
1.109375, 180
1.234375, 181
1.274215, 182
1.287339, 183
1.310312, 184
1.287198, 185
1.260050, 186
1.212500, 187
1.227057, 188
1.305283, 189
1.235250, 190
1.331610, 191
1.267061, 192
1.228283, 193
1.270151, 194
1.173456, 195
1.241371, 196
1.277145, 197
1.235821, 198
1.204241, 199
1.250734, 200
1.221848, 201
1.246380, 202
1.225054, 203
1.202598, 204
1.242491, 205
1.188356, 206
1.239783, 207
1.252790, 208
1.227401, 209
1.244656, 210
1.251799, 211
1.240965, 212
1.198103, 213
1.196223, 214
1.191700, 215
1.240077, 216
1.238827, 217
1.202571, 218
1.235212, 219
1.218729, 220
1.207549, 221
1.093750, 222
1.219036, 223
1.250411, 224
1.215761, 225
1.218628, 226
1.157575, 227
1.175134, 228
1.203076, 229
1.215713, 230
1.218490, 231
1.206218, 232
1.159782, 233
1.215286, 234
1.205666, 235
1.190188, 236
1.176869, 237
1.189286, 238
1.219712, 239
1.188313, 240
1.210897, 241
1.209885, 242
1.197793, 243
1.196023, 244
1.185826, 245
1.186601, 246
1.215464, 247
1.192335, 248
1.213195, 249
1.222255, 250
1.207124, 251
1.207924, 252
1.140625, 253
1.187240, 254
1.174479, 255
1.193490, 256
1.198146, 257
1.192956, 258
1.141443, 259
1.164584, 260
1.209615, 261
1.187749, 262
1.196608, 263
1.155729, 264
1.167311, 265
1.193690, 266
1.190551, 267
1.168410, 268
1.157137, 269
1.140625, 270
1.116414, 271
1.121094, 272
1.190018, 273
1.122917, 274
1.201011, 275
1.174100, 276
1.167969, 277
1.151801, 278
1.155320, 279
1.125000, 280
1.158182, 281
1.202977, 282
1.161223, 283
1.163025, 284
1.187612, 285
1.205268, 286
1.145874, 287
1.175200, 288
1.164893, 289
1.164348, 290
1.170730, 291
1.109375, 292
1.140981, 293
1.145024, 294
1.182229, 295
1.129880, 296
1.199944, 297
1.121665, 298
1.157469, 299
1.137287, 300
1.162487, 301
1.109375, 302
1.177381, 303
1.101562, 304
1.138265, 305
1.143087, 306
1.124120, 307
1.156141, 308
1.147532, 309
1.155883, 310
1.148744, 311
1.137649, 312
1.150319, 313
1.144531, 314
1.166667, 315
1.143229, 316
1.127083, 317
1.161068, 318
1.142709, 319
1.140990, 320
1.115104, 321
1.139349, 322
1.078125, 323
1.156250, 324
1.149967, 325
1.109375, 326
1.140483, 327
1.154167, 328
1.129371, 329
1.151055, 330
1.078125, 331
1.098214, 332
1.114512, 333
1.107978, 334
1.121615, 335
1.120266, 336
1.115625, 337
1.149219, 338
1.110669, 339
1.113052, 340
1.127055, 341
1.101562, 342
1.089732, 343
1.135701, 344
1.122154, 345
1.132533, 346
1.100353, 347
1.116562, 348
1.126877, 349
1.093750, 350
1.134782, 351
1.128165, 352
1.132195, 353
1.136664, 354
1.110014, 355
1.119355, 356
1.133723, 357
1.146039, 358
1.120097, 359
1.127542, 360
1.085156, 361
1.151158, 362
1.108902, 363
1.124630, 364
1.128220, 365
1.130628, 366
1.093843, 367
1.134866, 368
1.144068, 369
1.093750, 370
1.132813, 371
1.120313, 372
1.142448, 373
1.096149, 374
1.108910, 375
1.108203, 376
1.138543, 377
1.105711, 378
1.099700, 379
1.099479, 380
1.123793, 381
1.099144, 382
1.121978, 383
1.108516, 384
1.128906, 385
1.115203, 386
1.116127, 387
1.126705, 388
1.139044, 389
1.093750, 390
1.062500, 391
1.129364, 392
1.119172, 393
1.126680, 394
1.123469, 395
1.078125, 396
1.123335, 397
1.108207, 398
1.112068, 399
1.143015, 400
1.078125, 401
1.130655, 402
1.093750, 403
1.099265, 404
1.110673, 405
1.112446, 406
1.095174, 407
1.125000, 408
1.114851, 409
1.078906, 410
1.122917, 411
1.117330, 412
1.109375, 413
1.078125, 414
1.062500, 415
1.110468, 416
1.101547, 417
1.104468, 418
1.105261, 419
1.101302, 420
1.111108, 421
1.108239, 422
1.080208, 423
1.109375, 424
1.100031, 425
1.126823, 426
1.104877, 427
1.091004, 428
1.144520, 429
1.115408, 430
1.151311, 431
1.107071, 432
1.062500, 433
1.106422, 434
1.108611, 435
1.031250, 436
1.046875, 437
1.062500, 438
1.108415, 439
1.092637, 440
1.000000, 441
1.114828, 442
1.062500, 443
1.000000, 444
1.098744, 445
1.085900, 446
1.099919, 447
1.095648, 448
1.072619, 449
1.078125, 450
1.101315, 451
1.090960, 452
1.108802, 453
1.111839, 454
1.046875, 455
1.110498, 456
1.108336, 457
1.113796, 458
1.112520, 459
1.107148, 460
1.096465, 461
1.094878, 462
1.151590, 463
1.104167, 464
1.126563, 465
1.094444, 466
1.105927, 467
1.102344, 468
1.095916, 469
1.121094, 470
1.106288, 471
1.100570, 472
1.089409, 473
1.100967, 474
1.122796, 475
1.062500, 476
1.095982, 477
1.082335, 478
1.093750, 479
1.098022, 480
1.097939, 481
1.086456, 482
1.083333, 483
1.120358, 484
1.106159, 485
1.137444, 486
1.000000, 487
1.111477, 488
1.089402, 489
1.000000, 490
1.081929, 491
1.107813, 492
1.039062, 493
1.031250, 494
1.098711, 495
1.043527, 496
1.091301, 497
1.085938, 498
1.072824, 499
1.085008, 500
1.078125, 501
1.084604, 502
1.085938, 503
1.046875, 504
1.127604, 505
1.089602, 506
1.046875, 507
1.085417, 508
1.070313, 509
1.091924, 510
1.106039, 511
1.068679, 512
1.077284, 513
1.072491, 514
1.083317, 515
1.095052, 516
1.083038, 517
1.091239, 518
1.123509, 519
1.094125, 520
1.101059, 521
1.106771, 522
1.031250, 523
1.080918, 524
1.085673, 525
1.088139, 526
1.078261, 527
1.078125, 528
1.088194, 529
1.070095, 530
1.093990, 531
1.103417, 532
1.074312, 533
1.084625, 534
1.077309, 535
1.076120, 536
1.102547, 537
1.098059, 538
1.094494, 539
1.046875, 540
1.072266, 541
1.110212, 542
1.000000, 543
1.076814, 544
1.086740, 545
1.000000, 546
1.064732, 547
1.091059, 548
1.081595, 549
1.074566, 550
1.052604, 551
1.082620, 552
1.060156, 553
1.081713, 554
1.093750, 555
1.086701, 556
1.080224, 557
1.075614, 558
1.058016, 559
1.063969, 560
1.078125, 561
1.070219, 562
1.046875, 563
1.078398, 564
1.084261, 565
1.000000, 566
1.062283, 567
1.076863, 568
1.081061, 569
1.086314, 570
1.074526, 571
1.046875, 572
1.046875, 573
1.084938, 574
1.067188, 575
1.070313, 576
1.062500, 577
1.090212, 578
1.099330, 579
1.031250, 580
1.062500, 581
1.046317, 582
1.064019, 583
1.068356, 584
1.082158, 585
1.079993, 586
1.097590, 587
1.096615, 588
1.046875, 589
1.090592, 590
1.077315, 591
1.063337, 592
1.107031, 593
1.057268, 594
1.046875, 595
1.062649, 596
1.069259, 597
1.067803, 598
1.095814, 599
1.082951, 600
1.046875, 601
1.076007, 602
1.048437, 603
1.064005, 604
1.062326, 605
1.076916, 606
1.071243, 607
1.076745, 608
1.068107, 609
1.064732, 610
1.067302, 611
1.046875, 612
1.046875, 613
1.064844, 614
1.076870, 615
1.063415, 616
1.082296, 617
1.061032, 618
1.064280, 619
1.065625, 620
1.072483, 621
1.093750, 622
1.062500, 623
1.078398, 624
1.079340, 625
1.065582, 626
1.071987, 627
1.073190, 628
1.062500, 629
1.060937, 630
1.046875, 631
1.052083, 632
1.090847, 633
1.031250, 634
1.062872, 635
1.063244, 636
1.015625, 637
1.063116, 638
1.109375, 639
1.077083, 640
1.070608, 641
1.068387, 642
1.071875, 643
1.070313, 644
1.031250, 645
1.043750, 646
1.061458, 647
1.070312, 648
1.049897, 649
1.046875, 650
1.078125, 651
1.074777, 652
1.091486, 653
1.064174, 654
1.060156, 655
1.059124, 656
1.031250, 657
1.068075, 658
1.078598, 659
1.093750, 660
1.064489, 661
1.072061, 662
1.052083, 663
1.046875, 664
1.049675, 665
1.064063, 666
1.068186, 667
1.093750, 668
1.063510, 669
1.078965, 670
1.031250, 671
1.063446, 672
1.066261, 673
1.067708, 674
1.091518, 675
1.053125, 676
1.057624, 677
1.066998, 678
1.057199, 679
1.077364, 680
1.000000, 681
1.072173, 682
1.031250, 683
1.048532, 684
1.074033, 685
1.046875, 686
1.047991, 687
1.077768, 688
1.064019, 689
1.067649, 690
1.070592, 691
1.064533, 692
1.056866, 693
1.046875, 694
1.046875, 695
1.061899, 696
1.043750, 697
1.057292, 698
1.043248, 699
1.046875, 700
1.031250, 701
1.072083, 702
1.047024, 703
1.039062, 704
1.047917, 705
1.061976, 706
1.046875, 707
1.035937, 708
1.062500, 709
1.081017, 710
1.062500, 711
1.043750, 712
1.061344, 713
1.031250, 714
1.069324, 715
1.078125, 716
1.075875, 717
1.035156, 718
1.055339, 719
1.062500, 720
1.052841, 721
1.065783, 722
1.054688, 723
1.031250, 724
1.068666, 725
1.051237, 726
1.031250, 727
1.054688, 728
1.053881, 729
1.065625, 730
1.031250, 731
1.057781, 732
1.058949, 733
1.048958, 734
1.091332, 735
1.085417, 736
1.042614, 737
1.031250, 738
1.059253, 739
1.061884, 740
1.031250, 741
1.062746, 742
1.031250, 743
1.052603, 744
1.039063, 745
1.049242, 746
1.063270, 747
1.063905, 748
1.058563, 749
1.087612, 750
1.059826, 751
1.046875, 752
1.047443, 753
1.000000, 754
1.080729, 755
1.078125, 756
1.058379, 757
1.050690, 758
1.064353, 759
1.059821, 760
1.054700, 761
1.067371, 762
1.000000, 763
1.031250, 764
1.031250, 765
1.065483, 766
1.015625, 767
1.069624, 768
1.065837, 769
1.062500, 770
1.046875, 771
1.053125, 772
1.049013, 773
1.043750, 774
1.058682, 775
1.065365, 776
1.057144, 777
1.061942, 778
1.061126, 779
1.040365, 780
1.060551, 781
1.031250, 782
1.057106, 783
1.000000, 784
1.042377, 785
1.039844, 786
1.037760, 787
1.047092, 788
1.048958, 789
1.046875, 790
1.061628, 791
1.043899, 792
1.064283, 793
1.048935, 794
1.015625, 795
1.039063, 796
1.048990, 797
1.015625, 798
1.044562, 799
1.044034, 800
1.046875, 801
1.068359, 802
1.058222, 803
1.076836, 804
1.043823, 805
1.065625, 806
1.053101, 807
1.060934, 808
1.042123, 809
1.044457, 810
1.052884, 811
1.046596, 812
1.055256, 813
1.061556, 814
1.054091, 815
1.061295, 816
1.057907, 817
1.054873, 818
1.049777, 819
1.060342, 820
1.061979, 821
1.062500, 822
1.031250, 823
1.077012, 824
1.056621, 825
1.035156, 826
1.000000, 827
1.048958, 828
1.063058, 829
1.050149, 830
1.054253, 831
1.064063, 832
1.067274, 833
1.058352, 834
1.060559, 835
1.046875, 836
1.043750, 837
1.051760, 838
1.029855, 839
1.057986, 840
1.070529, 841
1.037109, 842
1.000000, 843
1.000000, 844
1.049127, 845
1.054045, 846
1.070833, 847
1.046875, 848
1.036458, 849
1.000000, 850
1.000000, 851
1.051074, 852
1.059787, 853
1.032366, 854
1.031250, 855
1.062500, 856
1.062500, 857
1.031250, 858
1.000000, 859
1.047712, 860
1.015625, 861
1.048326, 862
1.049882, 863
1.064732, 864
1.053587, 865
1.074405, 866
1.045873, 867
1.031250, 868
1.044922, 869
1.051537, 870
1.042969, 871
1.046875, 872
1.031250, 873
1.031250, 874
1.050441, 875
1.029762, 876
1.049219, 877
1.049337, 878
1.031250, 879
1.018229, 880
1.061777, 881
1.048779, 882
1.046125, 883
1.031250, 884
1.031250, 885
1.053571, 886
1.031250, 887
1.015625, 888
1.046875, 889
1.000000, 890
1.031250, 891
1.046875, 892
1.056033, 893
1.031250, 894
1.043466, 895
1.042731, 896
1.054688, 897
1.000000, 898
1.054707, 899
1.042318, 900
1.064266, 901
1.036235, 902
1.015625, 903
1.000000, 904
1.039062, 905
1.062500, 906
1.061632, 907
1.032087, 908
1.031250, 909
1.000000, 910
1.045697, 911
1.062500, 912
1.031250, 913
1.020833, 914
1.029762, 915
1.000000, 916
1.068750, 917
1.046875, 918
1.057366, 919
1.043513, 920
1.047396, 921
1.038542, 922
1.046875, 923
1.029855, 924
1.061341, 925
1.040458, 926
1.054072, 927
1.056676, 928
1.000000, 929
1.060206, 930
1.054018, 931
1.047917, 932
1.047049, 933
1.000000, 934
1.031250, 935
1.042188, 936
1.000000, 937
1.046875, 938
1.046875, 939
1.038976, 940
1.047406, 941
1.029018, 942
1.046875, 943
1.031250, 944
1.040219, 945
1.032335, 946
1.058209, 947
1.057543, 948
1.000000, 949
1.040068, 950
1.043750, 951
1.051940, 952
1.000000, 953
1.054075, 954
1.037287, 955
1.062500, 956
1.000000, 957
1.039146, 958
1.031250, 959
1.042718, 960
1.045464, 961
1.044365, 962
1.054688, 963
1.042188, 964
1.042067, 965
1.031250, 966
1.045387, 967
1.031467, 968
1.015625, 969
1.047775, 970
1.031250, 971
1.047656, 972
1.031250, 973
1.030903, 974
1.036813, 975
1.051145, 976
1.037942, 977
1.058073, 978
1.036932, 979
1.031250, 980
1.055556, 981
1.046875, 982
1.000000, 983
1.053571, 984
1.000000, 985
1.037642, 986
1.040409, 987
1.015625, 988
1.041767, 989
1.040319, 990
1.053571, 991
1.000000, 992
1.036936, 993
1.019531, 994
1.048735, 995
1.000000, 996
1.046875, 997
1.030966, 998
1.041574, 999
1.046875, 1000
1.036817, 1001
1.046094, 1002
1.031250, 1003
1.054967, 1004
1.031250, 1005
1.059067, 1006
1.031250, 1007
1.029297, 1008
1.043372, 1009
1.000000, 1010
1.046841, 1011
1.052509, 1012
1.039062, 1013
1.047159, 1014
1.015625, 1015
1.050069, 1016
1.031250, 1017
1.046652, 1018
1.037997, 1019
1.030556, 1020
1.047216, 1021
1.059505, 1022
1.042101, 1023
1.015625, 1024
1.023996, 1025
1.045480, 1026
1.052951, 1027
1.062500, 1028
1.041681, 1029
1.045759, 1030
1.043155, 1031
1.031250, 1032
1.031250, 1033
1.035609, 1034
1.033110, 1035
1.046875, 1036
1.040507, 1037
1.031250, 1038
1.032031, 1039
1.054596, 1040
1.039252, 1041
1.046875, 1042
1.048793, 1043
1.000000, 1044
1.038707, 1045
1.031250, 1046
1.039606, 1047
1.040704, 1048
1.046875, 1049
1.046390, 1050
1.041434, 1051
1.052839, 1052
1.059343, 1053
1.000000, 1054
1.000000, 1055
1.015625, 1056
1.044618, 1057
1.028993, 1058
1.050651, 1059
1.031250, 1060
1.000000, 1061
1.000000, 1062
1.000000, 1063
1.046875, 1064
1.037184, 1065
1.031250, 1066
1.039063, 1067
1.026563, 1068
1.030658, 1069
1.015625, 1070
1.043655, 1071
1.046875, 1072
1.033854, 1073
1.052757, 1074
1.030134, 1075
1.000000, 1076
1.039200, 1077
1.039258, 1078
1.062500, 1079
1.065278, 1080
1.041066, 1081
1.045759, 1082
1.031250, 1083
1.045773, 1084
1.036080, 1085
1.015625, 1086
1.039062, 1087
1.000000, 1088
1.039792, 1089
1.015625, 1090
1.046658, 1091
1.043750, 1092
1.045943, 1093
1.015625, 1094
1.042467, 1095
1.038190, 1096
1.031250, 1097
1.037287, 1098
1.000000, 1099
1.031250, 1100
1.034899, 1101
1.031948, 1102
1.030599, 1103
1.044602, 1104
1.040232, 1105
1.027623, 1106
1.031250, 1107
1.039881, 1108
1.000000, 1109
1.040985, 1110
1.031250, 1111
1.042472, 1112
1.046875, 1113
1.000000, 1114
1.031250, 1115
1.056944, 1116
1.000000, 1117
1.043527, 1118
1.015625, 1119
1.034142, 1120
1.045028, 1121
1.026297, 1122
1.041450, 1123
1.046038, 1124
1.000000, 1125
1.043620, 1126
1.028977, 1127
1.051468, 1128
1.031013, 1129
1.045312, 1130
1.025095, 1131
1.000000, 1132
1.015625, 1133
1.000000, 1134
1.029911, 1135
1.042881, 1136
1.000000, 1137
1.031250, 1138
1.043924, 1139
1.031250, 1140
1.035377, 1141
1.000000, 1142
1.000000, 1143
1.043897, 1144
1.024432, 1145
1.015625, 1146
1.000000, 1147
1.045833, 1148
1.000000, 1149
1.045099, 1150
1.023438, 1151
1.039497, 1152
1.035843, 1153
1.036458, 1154
1.031250, 1155
1.000000, 1156
1.031250, 1157
1.046875, 1158
1.015625, 1159
1.000000, 1160
1.031250, 1161
1.030729, 1162
1.015625, 1163
1.000000, 1164
1.015625, 1165
1.042752, 1166
1.057664, 1167
1.026910, 1168
1.039085, 1169
1.030868, 1170
1.031250, 1171
1.015625, 1172
1.052083, 1173
1.070312, 1174
1.046131, 1175
1.039435, 1176
1.057171, 1177
1.000000, 1178
1.054650, 1179
1.047656, 1180
1.053571, 1181
1.000000, 1182
1.037908, 1183
1.031250, 1184
1.000000, 1185
1.044453, 1186
1.029297, 1187
1.038061, 1188
1.037500, 1189
1.000000, 1190
1.030382, 1191
1.031250, 1192
1.046875, 1193
1.031250, 1194
1.050828, 1195
1.030134, 1196
1.033381, 1197
1.039966, 1198
1.000000, 1199
1.030143, 1200
1.031250, 1201
1.000000, 1202
1.029247, 1203
1.039732, 1204
1.032386, 1205
1.031622, 1206
1.044922, 1207
1.039062, 1208
1.031250, 1209
1.037174, 1210
1.055804, 1211
1.015625, 1212
1.015625, 1213
1.000000, 1214
1.015625, 1215
1.000000, 1216
1.045759, 1217
1.015625, 1218
1.039679, 1219
1.015625, 1220
1.030506, 1221
1.026910, 1222
1.031250, 1223
1.042411, 1224
1.029514, 1225
1.000000, 1226
1.043750, 1227
1.034462, 1228
1.044156, 1229
1.062500, 1230
1.031250, 1231
1.015625, 1232
1.032450, 1233
1.000000, 1234
1.030452, 1235
1.015625, 1236
1.031250, 1237
1.015625, 1238
1.000000, 1239
1.028212, 1240
1.015625, 1241
1.031250, 1242
1.015625, 1243
1.028125, 1244
1.015625, 1245
1.028245, 1246
1.029948, 1247
1.040865, 1248
1.000000, 1249
1.000000, 1250
1.035156, 1251
1.029688, 1252
1.015625, 1253
1.000000, 1254
1.000000, 1255
1.031944, 1256
1.030035, 1257
1.031250, 1258
1.024219, 1259
1.000000, 1260
1.011161, 1261
1.026563, 1262
1.038709, 1263
1.000000, 1264
1.026281, 1265
1.031250, 1266
1.052257, 1267
1.028646, 1268
1.029018, 1269
1.025298, 1270
1.039062, 1271
1.000000, 1272
1.026786, 1273
1.029297, 1274
1.032366, 1275
1.015625, 1276
1.040458, 1277
1.000000, 1278
1.023911, 1279
1.015625, 1280
1.000000, 1281
1.025391, 1282
1.015625, 1283
1.030208, 1284
1.044792, 1285
1.043824, 1286
1.027344, 1287
1.028245, 1288
1.000000, 1289
1.046708, 1290
1.030369, 1291
1.000000, 1292
1.041667, 1293
1.000000, 1294
1.028125, 1295
1.031250, 1296
1.000000, 1297
1.026042, 1298
1.040799, 1299
1.000000, 1300
1.031250, 1301
1.042039, 1302
1.038905, 1303
1.024511, 1304
1.000000, 1305
1.015625, 1306
1.030729, 1307
1.031250, 1308
1.049479, 1309
1.042014, 1310
1.027604, 1311
1.021429, 1312
1.033110, 1313
1.035417, 1314
1.032031, 1315
1.026786, 1316
1.031250, 1317
1.035671, 1318
1.029018, 1319
1.031250, 1320
1.040365, 1321
1.031250, 1322
1.041106, 1323
1.000000, 1324
1.000000, 1325
1.000000, 1326
1.000000, 1327
1.031250, 1328
1.043395, 1329
1.033778, 1330
1.000000, 1331
1.015625, 1332
1.033333, 1333
1.024740, 1334
1.031250, 1335
1.015625, 1336
1.049842, 1337
1.015625, 1338
1.038068, 1339
1.046875, 1340
1.030256, 1341
1.062500, 1342
1.013393, 1343
1.015625, 1344
1.032812, 1345
1.031250, 1346
1.000000, 1347
1.000000, 1348
1.000000, 1349
1.000000, 1350
1.031771, 1351
1.027902, 1352
1.029010, 1353
1.032087, 1354
1.046875, 1355
1.034821, 1356
1.028220, 1357
1.000000, 1358
1.032118, 1359
1.031250, 1360
1.029762, 1361
1.000000, 1362
1.031250, 1363
1.025694, 1364
1.027257, 1365
1.036497, 1366
1.033807, 1367
1.041574, 1368
1.030816, 1369
1.041266, 1370
1.028906, 1371
1.037603, 1372
1.040288, 1373
1.000000, 1374
1.037847, 1375
1.000000, 1376
1.023698, 1377
1.000000, 1378
1.038225, 1379
1.032103, 1380
1.045072, 1381
1.032080, 1382
1.000000, 1383
1.046875, 1384
1.000000, 1385
1.028125, 1386
1.035156, 1387
1.000000, 1388
1.031250, 1389
1.000000, 1390
1.031382, 1391
1.035772, 1392
1.030540, 1393
1.015625, 1394
1.028391, 1395
1.000000, 1396
1.035371, 1397
1.030971, 1398
1.000000, 1399
1.030114, 1400
1.025298, 1401
1.015625, 1402
1.000000, 1403
1.000000, 1404
1.044767, 1405
1.000000, 1406
1.015625, 1407
1.025240, 1408
1.015625, 1409
1.030382, 1410
1.031250, 1411
1.031250, 1412
1.000000, 1413
1.046875, 1414
1.034961, 1415
1.031250, 1416
1.045387, 1417
1.000000, 1418
1.032887, 1419
1.015625, 1420
1.026711, 1421
1.015625, 1422
1.015625, 1423
1.000000, 1424
1.033854, 1425
1.015997, 1426
1.030928, 1427
1.000000, 1428
1.000000, 1429
1.025347, 1430
1.037500, 1431
1.031250, 1432
1.028646, 1433
1.026497, 1434
1.039181, 1435
1.015625, 1436
1.015625, 1437
1.030729, 1438
1.015625, 1439
1.027561, 1440
1.036648, 1441
1.027580, 1442
1.015625, 1443
1.000000, 1444
1.000000, 1445
1.028977, 1446
1.000000, 1447
1.031250, 1448
1.031250, 1449
1.025391, 1450
1.028274, 1451
1.000000, 1452
1.031250, 1453
1.000000, 1454
1.023438, 1455
1.015625, 1456
1.000000, 1457
1.030895, 1458
1.019768, 1459
1.015625, 1460
1.015625, 1461
1.023438, 1462
1.031929, 1463
1.015625, 1464
1.038032, 1465
1.031250, 1466
1.031771, 1467
1.030895, 1468
1.000000, 1469
1.033779, 1470
1.027530, 1471
1.030849, 1472
1.015625, 1473
1.015912, 1474
1.000000, 1475
1.022665, 1476
1.036103, 1477
1.000000, 1478
1.031250, 1479
1.031250, 1480
1.028171, 1481
1.015625, 1482
1.030745, 1483
1.026941, 1484
1.015625, 1485
1.026674, 1486
1.028125, 1487
1.034409, 1488
1.000000, 1489
1.018229, 1490
1.015625, 1491
1.000000, 1492
1.029167, 1493
1.033854, 1494
1.000000, 1495
1.037247, 1496
1.000000, 1497
1.033333, 1498
1.029018, 1499
1.036101, 1500
1.000000, 1501
1.029018, 1502
1.000000, 1503
1.025000, 1504
1.018750, 1505
1.023867, 1506
1.031751, 1507
1.000000, 1508
1.000000, 1509
1.015625, 1510
1.000000, 1511
1.000000, 1512
1.015625, 1513
1.000000, 1514
1.038889, 1515
1.000000, 1516
1.000000, 1517
1.000000, 1518
1.031250, 1519
1.000000, 1520
1.000000, 1521
1.000000, 1522
1.031250, 1523
1.015625, 1524
1.024740, 1525
1.015625, 1526
1.000000, 1527
1.000000, 1528
1.043527, 1529
1.031250, 1530
1.020833, 1531
1.029715, 1532
1.031250, 1533
1.000000, 1534
1.024935, 1535
1.026476, 1536
1.015625, 1537
1.026563, 1538
1.042898, 1539
1.000000, 1540
1.043527, 1541
1.000000, 1542
1.032813, 1543
1.026693, 1544
1.014347, 1545
1.031250, 1546
1.000000, 1547
1.031250, 1548
1.033455, 1549
1.031250, 1550
1.026099, 1551
1.029664, 1552
1.015625, 1553
1.015625, 1554
1.031994, 1555
1.031250, 1556
1.000000, 1557
1.000000, 1558
1.000000, 1559
1.015625, 1560
1.028125, 1561
1.015625, 1562
1.023037, 1563
1.000000, 1564
1.045186, 1565
1.016992, 1566
1.023722, 1567
1.015625, 1568
1.000000, 1569
1.029836, 1570
1.031250, 1571
1.025450, 1572
1.000000, 1573
1.044488, 1574
1.015625, 1575
1.027232, 1576
1.040104, 1577
1.000000, 1578
1.016406, 1579
1.000000, 1580
1.027257, 1581
1.031250, 1582
1.015625, 1583
1.028738, 1584
1.000000, 1585
1.022259, 1586
1.000000, 1587
1.023337, 1588
1.029688, 1589
1.000000, 1590
1.031250, 1591
1.025641, 1592
1.028423, 1593
1.029447, 1594
1.039117, 1595
1.028863, 1596
1.030469, 1597
1.015625, 1598
1.044792, 1599
1.046875, 1600
1.000000, 1601
1.000000, 1602
1.028646, 1603
1.024029, 1604
1.000000, 1605
1.042322, 1606
1.000000, 1607
1.015625, 1608
1.000000, 1609
1.000000, 1610
1.015625, 1611
1.015625, 1612
1.031250, 1613
1.043527, 1614
1.018229, 1615
1.000000, 1616
1.030434, 1617
1.015625, 1618
1.029830, 1619
1.021505, 1620
1.015625, 1621
1.029584, 1622
1.000000, 1623
1.015625, 1624
1.015625, 1625
1.044922, 1626
1.000000, 1627
1.031250, 1628
1.027530, 1629
1.015625, 1630
1.029705, 1631
1.029688, 1632
1.046875, 1633
1.000000, 1634
1.020833, 1635
1.034593, 1636
1.031250, 1637
1.015625, 1638
1.000000, 1639
1.028308, 1640
1.044815, 1641
1.015625, 1642
1.015625, 1643
1.000000, 1644
1.032137, 1645
1.015625, 1646
1.026786, 1647
1.000000, 1648
1.000000, 1649
1.000000, 1650
1.024574, 1651
1.000000, 1652
1.000000, 1653
1.022727, 1654
1.000000, 1655
1.031250, 1656
1.025641, 1657
1.000000, 1658
1.023637, 1659
1.025391, 1660
1.000000, 1661
1.025174, 1662
1.031250, 1663
1.015625, 1664
1.000000, 1665
1.024740, 1666
1.015625, 1667
1.015625, 1668
1.021070, 1669
1.028409, 1670
1.000000, 1671
1.022372, 1672
1.028274, 1673
1.025213, 1674
1.015625, 1675
1.015625, 1676
1.023438, 1677
1.015625, 1678
1.031250, 1679
1.015625, 1680
1.031250, 1681
1.030992, 1682
1.015625, 1683
1.000000, 1684
1.027799, 1685
1.012500, 1686
1.020455, 1687
1.000000, 1688
1.015625, 1689
1.015625, 1690
1.046875, 1691
1.028125, 1692
1.029647, 1693
1.029855, 1694
1.028125, 1695
1.031250, 1696
1.022228, 1697
1.000000, 1698
1.000000, 1699
1.000000, 1700
1.000000, 1701
1.000000, 1702
1.031250, 1703
1.013393, 1704
1.033529, 1705
1.000000, 1706
1.026278, 1707
1.036103, 1708
1.000000, 1709
1.030506, 1710
1.034970, 1711
1.000000, 1712
1.000000, 1713
1.030382, 1714
1.031250, 1715
1.026786, 1716
1.000000, 1717
1.013021, 1718
1.030066, 1719
1.029762, 1720
1.026515, 1721
1.027257, 1722
1.023300, 1723
1.029762, 1724
1.015625, 1725
1.000000, 1726
1.000000, 1727
1.036032, 1728
1.031250, 1729
1.027415, 1730
1.014171, 1731
1.015625, 1732
1.000000, 1733
1.025651, 1734
1.031250, 1735
1.027530, 1736
1.000000, 1737
1.028739, 1738
1.000000, 1739
1.031250, 1740
1.000000, 1741
1.015625, 1742
1.029962, 1743
1.030522, 1744
1.029119, 1745
1.000000, 1746
1.025939, 1747
1.011161, 1748
1.000000, 1749
1.015625, 1750
1.000000, 1751
1.021686, 1752
1.000000, 1753
1.015625, 1754
1.031250, 1755
1.023996, 1756
1.025949, 1757
1.000000, 1758
1.031157, 1759
1.030208, 1760
1.048438, 1761
1.000000, 1762
1.021591, 1763
1.024242, 1764
1.000000, 1765
1.030849, 1766
1.015625, 1767
1.046875, 1768
1.000000, 1769
1.012500, 1770
1.000000, 1771
1.000000, 1772
1.000000, 1773
1.031250, 1774
1.025069, 1775
1.000000, 1776
1.000000, 1777
1.031250, 1778
1.025949, 1779
1.013393, 1780
1.015625, 1781
1.031250, 1782
1.000000, 1783
1.000000, 1784
1.024740, 1785
1.000000, 1786
1.022751, 1787
1.021591, 1788
1.000000, 1789
1.000000, 1790
1.031250, 1791
1.032366, 1792
1.000000, 1793
1.000000, 1794
1.031250, 1795
1.015625, 1796
1.015625, 1797
1.031250, 1798
1.000000, 1799
1.015625, 1800
1.025896, 1801
1.015625, 1802
1.000000, 1803
1.000000, 1804
1.028674, 1805
1.000000, 1806
1.000000, 1807
1.034319, 1808
1.024041, 1809
1.026507, 1810
1.000000, 1811
1.030091, 1812
1.015625, 1813
1.022661, 1814
1.016667, 1815
1.031250, 1816
1.027298, 1817
1.000000, 1818
1.000000, 1819
1.028212, 1820
1.000000, 1821
1.000000, 1822
1.000000, 1823
1.014681, 1824
1.000000, 1825
1.015625, 1826
1.029297, 1827
1.039062, 1828
1.024357, 1829
1.000000, 1830
1.000000, 1831
1.015625, 1832
1.025852, 1833
1.036458, 1834
1.000000, 1835
1.015625, 1836
1.000000, 1837
1.000000, 1838
1.031250, 1839
1.000000, 1840
1.011719, 1841
1.000000, 1842
1.000000, 1843
1.000000, 1844
1.031250, 1845
1.015625, 1846
1.030729, 1847
1.000000, 1848
1.000000, 1849
1.015625, 1850
1.015625, 1851
1.000000, 1852
1.000000, 1853
1.015625, 1854
1.031250, 1855
1.031250, 1856
1.000000, 1857
1.015625, 1858
1.028125, 1859
1.012500, 1860
1.026476, 1861
1.015625, 1862
1.012500, 1863
1.000000, 1864
1.000000, 1865
1.015625, 1866
1.018497, 1867
1.000000, 1868
1.000000, 1869
1.000000, 1870
1.000000, 1871
1.019531, 1872
1.015625, 1873
1.015625, 1874
1.026488, 1875
1.016458, 1876
1.015625, 1877
1.011161, 1878
1.029848, 1879
1.031250, 1880
1.000000, 1881
1.000000, 1882
1.000000, 1883
1.031250, 1884
1.015625, 1885
1.000000, 1886
1.000000, 1887
1.020833, 1888
1.015625, 1889
1.012500, 1890
1.028646, 1891
1.000000, 1892
1.000000, 1893
1.027817, 1894
1.029447, 1895
1.015625, 1896
1.000000, 1897
1.015625, 1898
1.023003, 1899
1.015625, 1900
1.000000, 1901
1.046875, 1902
1.015625, 1903
1.015625, 1904
1.016146, 1905
1.015625, 1906
1.000000, 1907
1.019122, 1908
1.000000, 1909
1.000000, 1910
1.031250, 1911
1.015625, 1912
1.000000, 1913
1.000000, 1914
1.015625, 1915
1.015625, 1916
1.000000, 1917
1.020833, 1918
1.000000, 1919
1.000000, 1920
1.023011, 1921
1.015625, 1922
1.026563, 1923
1.046875, 1924
1.000000, 1925
1.015625, 1926
1.031250, 1927
1.015625, 1928
1.023037, 1929
1.000000, 1930
1.000000, 1931
1.000000, 1932
1.000000, 1933
1.000000, 1934
1.015625, 1935
1.000000, 1936
1.019196, 1937
1.023003, 1938
1.028172, 1939
1.028125, 1940
1.015625, 1941
1.000000, 1942
1.000000, 1943
1.012500, 1944
1.021635, 1945
1.000000, 1946
1.000000, 1947
1.018229, 1948
1.024725, 1949
1.000000, 1950
1.000000, 1951
1.000000, 1952
1.000000, 1953
1.000000, 1954
1.014230, 1955
1.000000, 1956
1.000000, 1957
1.000000, 1958
1.018750, 1959
1.030720, 1960
1.015625, 1961
1.000000, 1962
1.030072, 1963
1.024405, 1964
1.000000, 1965
1.015625, 1966
1.031250, 1967
1.000000, 1968
1.018750, 1969
1.024306, 1970
1.031250, 1971
1.000000, 1972
1.015625, 1973
1.027065, 1974
1.000000, 1975
1.031250, 1976
1.031250, 1977
1.030692, 1978
1.000000, 1979
1.000000, 1980
1.000000, 1981
1.014824, 1982
1.015625, 1983
1.026563, 1984
1.028125, 1985
1.015625, 1986
1.032366, 1987
1.000000, 1988
1.015625, 1989
1.012500, 1990
1.031250, 1991
1.015625, 1992
1.015625, 1993
1.015625, 1994
1.000000, 1995
1.031250, 1996
1.030729, 1997
1.013765, 1998
1.027273, 1999
1.015862, 2000
1.000000, 2001
1.000000, 2002
1.021720, 2003
1.015625, 2004
1.000000, 2005
1.015997, 2006
1.025298, 2007
1.027530, 2008
1.015625, 2009
1.015625, 2010
1.000000, 2011
1.026476, 2012
1.000000, 2013
1.000000, 2014
1.000000, 2015
1.020565, 2016
1.000000, 2017
1.000000, 2018
1.020347, 2019
1.011161, 2020
1.015625, 2021
1.028497, 2022
1.000000, 2023
1.015625, 2024
1.016276, 2025
1.028460, 2026
1.028125, 2027
1.000000, 2028
1.000000, 2029
1.028863, 2030
1.030165, 2031
1.028181, 2032
1.000000, 2033
1.000000, 2034
1.015625, 2035
1.033854, 2036
1.000000, 2037
1.031250, 2038
1.030692, 2039
1.000000, 2040
1.000000, 2041
1.000000, 2042
1.020833, 2043
1.012153, 2044
1.015625, 2045
1.025521, 2046
1.015625, 2047
1.000000, 2048
