14.812500,
7.776466,
6.143941,
4.355660,
3.894241,
3.283459,
2.873210,
2.819095,
2.313659,
2.627148,
2.299447,
2.201079,
1.932840,
1.878667,
1.852562,
1.780008,
1.751050,
1.802466,
1.762426,
1.627264,
1.650800,
1.604291,
1.521658,
1.490311,
1.439690,
1.542574,
1.471016,
1.382017,
1.481129,
1.403342,
1.437970,
1.419459,
1.376667,
1.365107,
1.332589,
1.363756,
1.291572,
1.346764,
1.307368,
1.318269,
1.289248,
1.253965,
1.267276,
1.252385,
1.266438,
1.239269,
1.277536,
1.234346,
1.244987,
1.243778,
1.257624,
1.227787,
1.212020,
1.194481,
1.187336,
1.226231,
1.193907,
1.209892,
1.199989,
1.190140,
1.172183,
1.187426,
1.193398,
1.189265,
1.218891,
1.159422,
1.165362,
1.184753,
1.193339,
1.167909,
1.165477,
1.154339,
1.159497,
1.158488,
1.143875,
1.151558,
1.146403,
1.127510,
1.138232,
1.126634,
1.149008,
1.162454,
1.137656,
1.156656,
1.121825,
1.141493,
1.127103,
1.114886,
1.126363,
1.116346,
1.133604,
1.109187,
1.117821,
1.115860,
1.107492,
1.111120,
1.122944,
1.109906,
1.113401,
1.138287,
1.100263,
1.135844,
1.105543,
1.094172,
1.103968,
1.130421,
1.110779,
1.109877,
1.116094,
1.101249,
1.101892,
1.108366,
1.093292,
1.086681,
1.103125,
1.082687,
1.094534,
1.090475,
1.104555,
1.104611,
1.093154,
1.107739,
1.116020,
1.081239,
1.096116,
1.086329,
1.087588,
1.072254,
1.082366,
1.073242,
1.082032,
1.080628,
1.083880,
1.060834,
1.096611,
1.091813,
1.074357,
1.088727,
1.069386,
1.084263,
1.082693,
1.071826,
1.075957,
1.073533,
1.094767,
1.078841,
1.065692,
1.085624,
1.068338,
1.075175,
1.073253,
1.071528,
1.070346,
1.076706,
1.074565,
1.071910,
1.053656,
1.068496,
1.069749,
1.061504,
1.061416,
1.063787,
1.058183,
1.070631,
1.059392,
1.059979,
1.052179,
1.061313,
1.065161,
1.064794,
1.075760,
1.060569,
1.063734,
1.051408,
1.066099,
1.063261,
1.066599,
1.043678,
1.061687,
1.059614,
1.066937,
1.054693,
1.046714,
1.053227,
1.069362,
1.061375,
1.053280,
1.057564,
1.056544,
1.065372,
1.057734,
1.046584,
1.051704,
1.061026,
1.046800,
1.061498,
1.061351,
1.057314,
1.052088,
1.054427,
1.043236,
1.043111,
1.056418,
1.038538,
1.062875,
1.058032,
1.060656,
1.069419,
1.052559,
1.054516,
1.059851,
1.054450,
1.045893,
1.052968,
1.052999,
1.056546,
1.039760,
1.064382,
1.062743,
1.055786,
1.050703,
1.040487,
1.040313,
1.044767,
1.046553,
1.042314,
1.047219,
1.035299,
1.039132,
1.054959,
1.053861,
1.050701,
1.039849,
1.042394,
1.041862,
1.043297,
1.049995,
1.044071,
1.042771,
1.039191,
1.049523,
1.043286,
1.041997,
1.044735,
1.049405,
1.052302,
1.048518,
1.051967,
1.036892,
1.039935,
1.043177,
1.046615,
1.048158,
1.039614,
1.030884,
1.035546,
1.035511,
1.043244,
1.043841,
1.048717,
1.035624,
1.038264,
1.044526,
1.032777,
1.035512,
1.034412,
1.044939,
1.038418,
1.046573,
1.031452,
1.035766,
1.037736,
1.045392,
1.032348,
1.028896,
1.035591,
1.039000,
1.045259,
1.037049,
1.043209,
1.037584,
1.039071,
1.041348,
1.034380,
1.032762,
1.043757,
1.040401,
1.037862,
1.041731,
1.038584,
1.038463,
1.041656,
1.031431,
1.043239,
1.022813,
1.035085,
1.037627,
1.029623,
1.038355,
1.034330,
1.033441,
1.034175,
1.034197,
1.022884,
1.025394,
1.030073,
1.024107,
1.032319,
1.028073,
1.045403,
1.031618,
1.035751,
1.036309,
1.034883,
1.037572,
1.028223,
1.026905,
1.039700,
1.041686,
1.036267,
1.025577,
1.030522,
1.027668,
1.029389,
1.033441,
1.030312,
1.030452,
1.031625,
1.034239,
1.024988,
1.033515,
1.028102,
1.032428,
1.028256,
1.038925,
1.028788,
1.032823,
1.024232,
1.027583,
1.030867,
1.030864,
1.024150,
1.035098,
1.028889,
1.031560,
1.034972,
1.028704,
1.032193,
1.031446,
1.029627,
1.020727,
1.028876,
1.028877,
1.020976,
1.029553,
1.025541,
1.038466,
1.033511,
1.038958,
1.036917,
1.022152,
1.029594,
1.026959,
1.022125,
1.038417,
1.027535,
1.028788,
1.028163,
1.016794,
1.031679,
1.043388,
1.028863,
1.018110,
1.022958,
1.026822,
1.031525,
1.026044,
1.020768,
1.033440,
1.030785,
1.029613,
1.024273,
1.022029,
1.020048,
1.020145,
1.026003,
1.024030,
1.020740,
1.026228,
1.028194,
1.030949,
1.028198,
1.021566,
1.027460,
1.028165,
1.028745,
1.023417,
1.018801,
1.024302,
1.027633,
1.033038,
1.024709,
1.026892,
1.024819,
1.026280,
1.027443,
1.025523,
1.017546,
1.026856,
1.019459,
1.025421,
1.025380,
1.031389,
1.024812,
1.020782,
1.031459,
1.023497,
1.028718,
1.032096,
1.024770,
1.025433,
1.032141,
1.030909,
1.021405,
1.026836,
1.022770,
1.027526,
1.024091,
1.023553,
1.019494,
1.034163,
1.015472,
1.036370,
1.026188,
1.021513,
1.016753,
1.024909,
1.025560,
1.020673,
1.020986,
1.022895,
1.022168,
1.027723,
1.024881,
1.035539,
1.027512,
1.019398,
1.012223,
1.018150,
1.026113,
1.017459,
1.014841,
1.027514,
1.027515,
1.028196,
1.019480,
1.021460,
1.021406,
1.025574,
1.024330,
1.017486,
1.015539,
1.015613,
1.026225,
1.020822,
1.021413,
1.028978,
1.022861,
1.019547,
1.020049,
1.012223,
1.017521,
1.017527,
1.026157,
1.021392,
1.019427,
1.026751,
1.025491,
1.016102,
1.022111,
1.020130,
1.018124,
1.021517,
1.017582,
1.014163,
1.018882,
1.020144,
1.020836,
1.021489,
1.024118,
1.028952,
1.020769,
1.025976,
1.024729,
1.016224,
1.022248,
1.018236,
1.016212,
1.023511,
1.021392,
1.014284,
1.027402,
1.017526,
1.022070,
1.028242,
1.016183,
1.020131,
1.017506,
1.020700,
1.022057,
1.022707,
1.017459,
1.024210,
1.021504,
1.016903,
1.020823,
1.019548,
1.023427,
1.016808,
1.016827,
1.019378,
1.023428,
1.019425,
1.014272,
1.020063,
1.023653,
1.026244,
1.022833,
1.021545,
1.016794,
1.022855,
1.019650,
1.012929,
1.020159,
1.013592,
1.018157,
1.014814,
1.012223,
1.023604,
1.026736,
1.018177,
1.013581,
1.022084,
1.017486,
1.012264,
1.012887,
1.014908,
1.013619,
1.014204,
1.018855,
1.019493,
1.023456,
1.014800,
1.019445,
1.018165,
1.014270,
1.014855,
1.018816,
1.015532,
1.020796,
1.013519,
1.027171,
1.016296,
1.026861,
1.015545,
1.016224,
1.022777,
1.016156,
1.018869,
1.021584,
1.014867,
1.014149,
1.012941,
1.021487,
1.018123,
1.018136,
1.015465,
1.021560,
1.020261,
1.017418,
1.015655,
1.017432,
1.013472,
1.024118,
1.018856,
1.015560,
1.016266,
1.018193,
1.017498,
1.016834,
1.018137,
1.014861,
1.014854,
1.011599,
1.016252,
1.017512,
1.016170,
1.013579,
1.018821,
1.015593,
1.012861,
1.018095,
1.013553,
1.019452,
1.019465,
1.015534,
1.013566,
1.017486,
1.018204,
1.016197,
1.014176,
1.017526,
1.020726,
1.016239,
1.018883,
1.019050,
1.015553,
1.015651,
1.014820,
1.021566,
1.015499,
1.014895,
1.018859,
1.016169,
1.024784,
1.010311,
1.018903,
1.018150,
1.014787,
1.019466,
1.014975,
1.015703,
1.018822,
1.012874,
1.016210,
1.019591,
1.016916,
1.015532,
1.015479,
1.018913,
1.010974,
1.014881,
1.017487,
1.011668,
1.012197,
1.016197,
1.015478,
1.013566,
1.015546,
1.014190,
1.020860,
1.020035,
1.016238,
1.014842,
1.018814,
1.011585,
1.016295,
1.010908,
1.014203,
1.014177,
1.014190,
1.016794,
1.013525,
1.016920,
1.020864,
1.015586,
1.017513,
1.016210,
1.013539,
1.013578,
1.016183,
1.010377,
1.014881,
1.015559,
1.021419,
1.015003,
1.017459,
1.020810,
1.014922,
1.014953,
1.015478,
1.014867,
1.016808,
1.014977,
1.012868,
1.016874,
1.012290,
1.015017,
1.017445,
1.017582,
1.012928,
1.015538,
1.010921,
1.014949,
1.011605,
1.012887,
1.017539,
1.012290,
1.013006,
1.010982,
1.008995,
1.016116,
1.016794,
1.014176,
1.015491,
1.015491,
1.014243,
1.015506,
1.014285,
1.013553,
1.013512,
1.013566,
1.015532,
1.021446,
1.014841,
1.016767,
1.014827,
1.011559,
1.015505,
1.018802,
1.016808,
1.018746,
1.010270,
1.013635,
1.011668,
1.016848,
1.014922,
1.020754,
1.018893,
1.008370,
1.017527,
1.011044,
1.015491,
1.019412,
1.007055,
1.013566,
1.013566,
1.016197,
1.021567,
1.010941,
1.014203,
1.020298,
1.014854,
1.012284,
1.016834,
1.012332,
1.010297,
1.012927,
1.016341,
1.019417,
1.018938,
1.008988,
1.014216,
1.015561,
1.010934,
1.014944,
1.011639,
1.012887,
1.009686,
1.012251,
1.010921,
1.008968,
1.008981,
1.013568,
1.010975,
1.010975,
1.008324,
1.016767,
1.014270,
1.012874,
1.010270,
1.012915,
1.013568,
1.014814,
1.016198,
1.009632,
1.017513,
1.010947,
1.012290,
1.017485,
1.007042,
1.014298,
1.011004,
1.009692,
1.016142,
1.012250,
1.014963,
1.010283,
1.013565,
1.012237,
1.022125,
1.016821,
1.011585,
1.008453,
1.012887,
1.012263,
1.013552,
1.007666,
1.012318,
1.011680,
1.012875,
1.012263,
1.012882,
1.012861,
1.012250,
1.009632,
1.009686,
1.006404,
1.006391,
1.011613,
1.010324,
1.014230,
1.014895,
1.009008,
1.008330,
1.012887,
1.008330,
1.014243,
1.010921,
1.014881,
1.007108,
1.015518,
1.014881,
1.007733,
1.015559,
1.008994,
1.016143,
1.012915,
1.010270,
1.014868,
1.007055,
1.012874,
1.013525,
1.014895,
1.012887,
1.010283,
1.010244,
1.009632,
1.009659,
1.006417,
1.012943,
1.008330,
1.014150,
1.013553,
1.011572,
1.010894,
1.008995,
1.008357,
1.007096,
1.012210,
1.009632,
1.010908,
1.016895,
1.013579,
1.010324,
1.010270,
1.009687,
1.009008,
1.013606,
1.014855,
1.016156,
1.012184,
1.012874,
1.014183,
1.008981,
1.012304,
1.010961,
1.009619,
1.005780,
1.015506,
1.009755,
1.019398,
1.010257,
1.009646,
1.012957,
1.010934,
1.011619,
1.012887,
1.013525,
1.012944,
1.012874,
1.013621,
1.012290,
1.007055,
1.010283,
1.014867,
1.008968,
1.006417,
1.012223,
1.011586,
1.014895,
1.009673,
1.014203,
1.009049,
1.014177,
1.009091,
1.007081,
1.016129,
1.010908,
1.012210,
1.011545,
1.013579,
1.006404,
1.008398,
1.009685,
1.012847,
1.009632,
1.006417,
1.012237,
1.013511,
1.012230,
1.007042,
1.008331,
1.009035,
1.013545,
1.007719,
1.007693,
1.016242,
1.006404,
1.012223,
1.014196,
1.016848,
1.012223,
1.013620,
1.007068,
1.008994,
1.008330,
1.008344,
1.014855,
1.007679,
1.011030,
1.009632,
1.012209,
1.014814,
1.012928,
1.006430,
1.012177,
1.009700,
1.009632,
1.010989,
1.015533,
1.012257,
1.008343,
1.008343,
1.007706,
1.007081,
1.012887,
1.012263,
1.008988,
1.008385,
1.010908,
1.011612,
1.010323,
1.009632,
1.010975,
1.010270,
1.006410,
1.010337,
1.011599,
1.010921,
1.007747,
1.012915,
1.014304,
1.012210,
1.009659,
1.007747,
1.016212,
1.009035,
1.007048,
1.010894,
1.008357,
1.006465,
1.014814,
1.009685,
1.009048,
1.012319,
1.010270,
1.012928,
1.012210,
1.012928,
1.005806,
1.012941,
1.013605,
1.012941,
1.009713,
1.012874,
1.010391,
1.012996,
1.012319,
1.012250,
1.010310,
1.003189,
1.009659,
1.008981,
1.007719,
1.009659,
1.009007,
1.011653,
1.009660,
1.008357,
1.012276,
1.008343,
1.004464,
1.009022,
1.010310,
1.012196,
1.014136,
1.010947,
1.009599,
1.012223,
1.010988,
1.010283,
1.008968,
1.012317,
1.007055,
1.012263,
1.008981,
1.010921,
1.008344,
1.013608,
1.005109,
1.009632,
1.012237,
1.008317,
1.012264,
1.010934,
1.007719,
1.010283,
1.008370,
1.009034,
1.012304,
1.005766,
1.007746,
1.006417,
1.012984,
1.006404,
1.013538,
1.005753,
1.014272,
1.008384,
1.005792,
1.009632,
1.008357,
1.006417,
1.008330,
1.010961,
1.007706,
1.008384,
1.007042,
1.008357,
1.005780,
1.008350,
1.008343,
1.006431,
1.010941,
1.009632,
1.009619,
1.007706,
1.010947,
1.010961,
1.010962,
1.010921,
1.007042,
1.011639,
1.009104,
1.008968,
1.005766,
1.009015,
1.007042,
1.006417,
1.007068,
1.011015,
1.008357,
1.010908,
1.011598,
1.009008,
1.009035,
1.010989,
1.007719,
1.010391,
1.010908,
1.008343,
1.008995,
1.016156,
1.007693,
1.014895,
1.010351,
1.006404,
1.009632,
1.007055,
1.010310,
1.009035,
1.010934,
1.010934,
1.010908,
1.006417,
1.011661,
1.008384,
1.005753,
1.010901,
1.008357,
1.006404,
1.013498,
1.009619,
1.009619,
1.007706,
1.006457,
1.007719,
1.011613,
1.011639,
1.013553,
1.010921,
1.007679,
1.008968,
1.005128,
1.009699,
1.007693,
1.007706,
1.007719,
1.011626,
1.010975,
1.005115,
1.007679,
1.011666,
1.006391,
1.013498,
1.007015,
1.005766,
1.014176,
1.008357,
1.011626,
1.010947,
1.010310,
1.005753,
1.005806,
1.009035,
1.011653,
1.011572,
1.008330,
1.005102,
1.009632,
1.008981,
1.008370,
1.009619,
1.009625,
1.009645,
1.010921,
1.011600,
1.007042,
1.009632,
1.009062,
1.005753,
1.007693,
1.010297,
1.007055,
1.009091,
1.011084,
1.010297,
1.010338,
1.010948,
1.007666,
1.007028,
1.008357,
1.005115,
1.009049,
1.010283,
1.005753,
1.011612,
1.004491,
1.008955,
1.005128,
1.006404,
1.006391,
1.010934,
1.009632,
1.007733,
1.008330,
1.005766,
1.007746,
1.009077,
1.013607,
1.010270,
1.006417,
1.005128,
1.010989,
1.008994,
1.009672,
1.007109,
1.014801,
1.010961,
1.006391,
1.005753,
1.007109,
1.008995,
1.005753,
1.011558,
1.006378,
1.006417,
1.010270,
1.010290,
1.010934,
1.006417,
1.009008,
1.009673,
1.010257,
1.007706,
1.008357,
1.004477,
1.007753,
1.011625,
1.005766,
1.007679,
1.007706,
1.005753,
1.008317,
1.005780,
1.006404,
1.005780,
1.006404,
1.005102,
1.007679,
1.007759,
1.008411,
1.006458,
1.011002,
1.005142,
1.011681,
1.014243,
1.009699,
1.009021,
1.008411,
1.006450,
1.003827,
1.006391,
1.005115,
1.015491,
1.010270,
1.010975,
1.005806,
1.007712,
1.012269,
1.006404,
1.008371,
1.010380,
1.009646,
1.008981,
1.007693,
1.007042,
1.007706,
1.008981,
1.005115,
1.009781,
1.011598,
1.005793,
1.012928,
1.005740,
1.007679,
1.010310,
1.008344,
1.010975,
1.012264,
1.008330,
1.009035,
1.010934,
1.007042,
1.006417,
1.004511,
1.009646,
1.005128,
1.008955,
1.007693,
1.008370,
1.010338,
1.009659,
1.007706,
1.007042,
1.005792,
1.007108,
1.008330,
1.005128,
1.005115,
1.007055,
1.009008,
1.008981,
1.007693,
1.010947,
1.005128,
1.006397,
1.005806,
1.007081,
1.009035,
1.006391,
1.007055,
1.003827,
1.012290,
1.008343,
1.007719,
1.007732,
1.007055,
1.003840,
1.009008,
1.012277,
1.009008,
1.009049,
1.007679,
1.007042,
1.008981,
1.009035,
1.005753,
1.005102,
1.011572,
1.004464,
1.008398,
1.007719,
1.007042,
1.013553,
1.005740,
1.005766,
1.008982,
1.005793,
1.003853,
1.008994,
1.008370,
1.003229,
1.005766,
1.004491,
1.008317,
1.005753,
1.006417,
1.007706,
1.010323,
1.007068,
1.008357,
1.006417,
1.007719,
1.005128,
1.007706,
1.006431,
1.009672,
1.007042,
1.005766,
1.006444,
1.004477,
1.007136,
1.005753,
1.006404,
1.007068,
1.006391,
1.005766,
1.005806,
1.008357,
1.007693,
1.003827,
1.007048,
1.007706,
1.005806,
1.005793,
1.006431,
1.008344,
1.007055,
1.008343,
1.005128,
1.007068,
1.006417,
1.008317,
1.005780,
1.008370,
1.007042,
1.008968,
1.011002,
1.004491,
1.006404,
1.008398,
1.004491,
1.010283,
1.006417,
1.007095,
1.007055,
1.008981,
1.008995,
1.005753,
1.005102,
1.009008,
1.004464,
1.009008,
1.010297,
1.008995,
1.003189,
1.007732,
1.010989,
1.009646,
1.003840,
1.005779,
1.011002,
1.006404,
1.005115,
1.007706,
1.010949,
1.008371,
1.008317,
1.009742,
1.007055,
1.003840,
1.003189,
1.005766,
1.007028,
1.008968,
1.010270,
1.008370,
1.007732,
1.008384,
1.007706,
1.007679,
1.007055,
1.007679,
1.012928,
1.004491,
1.008982,
1.009035,
1.004491,
1.006431,
1.008344,
1.003202,
1.007028,
1.008330,
1.009659,
1.003189,
1.008343,
1.007747,
1.007068,
1.010297,
1.007706,
1.004477,
1.005155,
1.010351,
1.005141,
1.003840,
1.010270,
1.003840,
1.007068,
1.007055,
1.008981,
1.005142,
1.005766,
1.009606,
1.005115,
1.005819,
1.008343,
1.005820,
1.004477,
1.007706,
1.005155,
1.005128,
1.003840,
1.007081,
1.004491,
1.009022,
1.007055,
1.007042,
1.005773,
1.007068,
1.012263,
1.006417,
1.007693,
1.007679,
1.005780,
1.009035,
1.007679,
1.007042,
1.007055,
1.007706,
1.006391,
1.005820,
1.004491,
1.007706,
1.007081,
1.007679,
1.004477,
1.006417,
1.005128,
1.007028,
1.007096,
1.005740,
1.007055,
1.010894,
1.005115,
1.003840,
1.003840,
1.008317,
1.004464,
1.006417,
1.004477,
1.006404,
1.006404,
1.009685,
1.003189,
1.005115,
1.005753,
1.003189,
1.009035,
1.006431,
1.006404,
1.006404,
1.009646,
1.004504,
1.006431,
1.003189,
1.006378,
1.005793,
1.008968,
1.007122,
1.008397,
1.002551,
1.007693,
1.010297,
1.008981,
1.010270,
1.007679,
1.007081,
1.005780,
1.005753,
1.012196,
1.005740,
1.009606,
1.004504,
1.007081,
1.002551,
1.005155,
1.005780,
1.010961,
1.005793,
1.006404,
1.003189,
1.003229,
1.004491,
1.005806,
1.004477,
1.008968,
1.007666,
1.003189,
1.007706,
1.005779,
1.008364,
1.006391,
1.006417,
1.005753,
1.005766,
1.010935,
1.007706,
1.003189,
1.009632,
1.004491,
1.003827,
1.005115,
1.007706,
1.003202,
1.006417,
1.005102,
1.005806,
1.006430,
1.004477,
1.008330,
1.005115,
1.008343,
1.005115,
1.006391,
1.007706,
1.003202,
1.005780,
1.007706,
1.007042,
1.007028,
1.005766,
1.006417,
1.005753,
1.008343,
1.002551,
1.010961,
1.010393,
1.007706,
1.003840,
1.004504,
1.009619,
1.005766,
1.005806,
1.004477,
1.004477,
1.005740,
1.003840,
1.007068,
1.007055,
1.009713,
1.008330,
1.008968,
1.005753,
1.005115,
1.003853,
1.004464,
1.005753,
1.006404,
1.003907,
1.008317,
1.003827,
1.009035,
1.004477,
1.005128,
1.007719,
1.011599,
1.005128,
1.007719,
1.003827,
1.004491,
1.008398,
1.012861,
1.007719,
1.005753,
1.004491,
1.009672,
1.005128,
1.005766,
1.005115,
1.008411,
1.007706,
1.007108,
1.008317,
1.004477,
1.010310,
1.006391,
1.007693,
1.004477,
1.007706,
1.004504,
1.007055,
1.007068,
1.007706,
1.005766,
1.004504,
1.009728,
1.003866,
1.003827,
1.005753,
1.007055,
1.007706,
1.008343,
1.005115,
1.002551,
1.008343,
1.005793,
1.008344,
1.005779,
1.004477,
1.007747,
1.003202,
1.004504,
1.005128,
1.007109,
1.003189,
1.005779,
1.004517,
1.003840,
1.004477,
1.007055,
1.007719,
1.003840,
1.003840,
1.009672,
1.005115,
1.003840,
1.007693,
1.007081,
1.005780,
1.005766,
1.006471,
1.005793,
1.007081,
1.005779,
1.006444,
1.002591,
1.003840,
1.005129,
1.009008,
1.002551,
1.006404,
1.006404,
1.008370,
1.005834,
1.007693,
1.005128,
1.005142,
1.006391,
1.005115,
1.003202,
1.005128,
1.003202,
1.008317,
1.003189,
1.005766,
1.006431,
1.007719,
1.007028,
1.009659,
1.005753,
1.005780,
1.002564,
1.005115,
1.006431,
1.004491,
1.008343,
1.007028,
1.007068,
1.007842,
1.005753,
1.003827,
1.007055,
1.007719,
1.005806,
1.003840,
1.006431,
1.007706,
1.010270,
1.005128,
1.003827,
1.005740,
1.008344,
1.006391,
1.007679,
1.007055,
1.002551,
1.007747,
1.006417,
1.004477,
1.006404,
1.003840,
1.005766,
1.007679,
1.007068,
1.002564,
1.004491,
1.005806,
1.003827,
1.005753,
1.005889,
1.005128,
1.005766,
1.007028,
1.005142,
1.006417,
1.005780,
1.003189,
1.003840,
1.007081,
1.004464,
1.004491,
1.006431,
1.005779,
1.006404,
1.006513,
1.004477,
1.007081,
1.003866,
1.001913,
1.007068,
1.003853,
1.006391,
1.010270,
1.006431,
1.007042,
1.004464,
1.003827,
1.007081,
1.007719,
1.003833,
1.005115,
1.003866,
1.002564,
1.003202,
1.005142,
1.008344,
1.005820,
1.003840,
1.006471,
1.007719,
1.007055,
1.007706,
1.010921,
1.005128,
1.008981,
1.005780,
1.005766,
1.008357,
1.006430,
1.004517,
1.005740,
1.007042,
1.004477,
1.007081,
1.003189,
1.009008,
1.005780,
1.005102,
1.003189,
1.006404,
1.002564,
1.002551,
1.003840,
1.005115,
1.007719,
1.005780,
1.003189,
1.006378,
1.010921,
1.003827,
1.004477,
1.005102,
1.003189,
1.007706,
1.003202,
1.004491,
1.002551,
1.005753,
1.005115,
1.007734,
1.005142,
1.005115,
1.005141,
1.005753,
1.004477,
1.009646,
1.005115,
1.007713,
1.007693,
1.009673,
1.006404,
1.006404,
1.004464,
1.007095,
1.006417,
1.002551,
1.007042,
1.004491,
1.004477,
1.008317,
1.007055,
1.006417,
1.003840,
1.005793,
1.006431,
1.005766,
1.006404,
1.003840,
1.005753,
1.004464,
1.010974,
1.004491,
1.004504,
1.007706,
1.006430,
1.008968,
1.007068,
1.005760,
1.004517,
1.008317,
1.009035,
1.003202,
1.005793,
1.007115,
1.005766,
1.005766,
1.003827,
1.005115,
1.002551,
1.007042,
1.004477,
1.003866,
1.001913,
1.005155,
1.006404,
1.004504,
1.008344,
1.003840,
1.005793,
1.007693,
1.010283,
1.007759,
1.007787,
1.002564,
1.003840,
1.005780,
1.006391,
1.005766,
1.005766,
1.007028,
1.006417,
1.003202,
1.006404,
1.003202,
1.006404,
1.003827,
1.003827,
1.008370,
1.004477,
1.006404,
1.007081,
1.005115,
1.006431,
1.005779,
1.006417,
1.006404,
1.005779,
1.005128,
1.004477,
1.005793,
1.003189,
1.006437,
1.005102,
1.000000,
1.005128,
1.004491,
1.003866,
1.003827,
1.005168,
1.004491,
1.005115,
1.005753,
1.007042,
1.008995,
1.004477,
1.007068,
1.005128,
1.006391,
1.006391,
1.006404,
1.005141,
1.003840,
1.005766,
1.005128,
1.003827,
1.004491,
1.005753,
1.006391,
1.004491,
1.005182,
1.007068,
1.008384,
1.006417,
1.004491,
1.006404,
1.007693,
1.009673,
1.005753,
1.003189,
1.005779,
1.005128,
1.003907,
1.007719,
1.003189,
1.004517,
1.009001,
1.005142,
1.005766,
1.004491,
1.005793,
1.004491,
1.003202,
1.005766,
1.004491,
1.000000,
1.004477,
1.003840,
1.007815,
1.005766,
1.004477,
1.006391,
1.003840,
1.004464,
1.003202,
1.003202,
1.005753,
1.003827,
1.003189,
1.004477,
1.006378,
1.005128,
1.004491,
1.005115,
1.009062,
1.004491,
1.007028,
1.006404,
1.003202,
1.004491,
1.004464,
1.003880,
1.003189,
1.000638,
1.003189,
1.002564,
1.005115,
1.004477,
1.007055,
1.003189,
1.005141,
1.003840,
1.001913,
1.003189,
1.005115,
1.009672,
1.006430,
1.003840,
1.005793,
1.004464,
1.005128,
1.005115,
1.004477,
1.003840,
1.004464,
1.003827,
1.004464,
1.006431,
1.005779,
1.003202,
1.004477,
1.005740,
1.005780,
1.005102,
1.003202,
1.007042,
1.005102,
1.007055,
1.008343,
1.004477,
1.004477,
1.007679,
1.002551,
1.003189,
1.003840,
1.004477,
1.003202,
1.005142,
1.005766,
1.003215,
1.004477,
1.003189,
1.008330,
1.004491,
1.002551,
1.003840,
1.005128,
