27.067708,
14.867113,
10.315341,
7.971118,
6.516800,
5.761498,
5.038395,
4.697338,
3.988306,
3.719430,
3.514893,
3.277218,
3.109287,
3.008282,
2.859362,
2.606889,
2.616419,
2.682976,
2.498222,
2.491713,
2.355117,
2.318663,
2.186381,
2.152616,
2.095206,
2.007620,
1.935817,
1.942630,
2.025570,
2.055579,
1.901306,
1.809292,
1.811606,
1.740590,
1.759008,
1.743999,
1.783874,
1.716854,
1.695163,
1.614497,
1.638665,
1.629950,
1.628667,
1.628136,
1.613558,
1.579375,
1.548710,
1.519794,
1.545592,
1.548626,
1.504791,
1.509194,
1.502912,
1.478085,
1.490329,
1.483426,
1.462061,
1.443839,
1.415515,
1.418958,
1.461013,
1.438554,
1.403757,
1.418053,
1.411910,
1.402488,
1.357504,
1.386144,
1.364452,
1.358551,
1.381552,
1.331309,
1.360995,
1.340989,
1.334696,
1.324864,
1.331333,
1.330834,
1.339541,
1.315158,
1.301039,
1.296106,
1.346088,
1.285026,
1.287268,
1.315367,
1.271055,
1.319704,
1.279190,
1.260811,
1.263835,
1.275792,
1.287377,
1.271118,
1.268820,
1.274966,
1.274758,
1.260723,
1.226490,
1.252690,
1.242064,
1.239313,
1.239325,
1.256926,
1.237619,
1.233959,
1.220988,
1.213929,
1.219224,
1.213492,
1.229196,
1.246079,
1.211999,
1.192428,
1.210906,
1.221343,
1.210831,
1.213602,
1.189635,
1.192871,
1.176941,
1.198311,
1.175536,
1.177555,
1.186818,
1.177290,
1.205888,
1.182780,
1.183964,
1.181217,
1.180000,
1.183003,
1.190927,
1.170991,
1.169789,
1.174194,
1.173901,
1.165326,
1.156314,
1.184962,
1.174063,
1.184809,
1.165679,
1.170682,
1.171848,
1.176529,
1.179642,
1.179013,
1.150220,
1.154513,
1.149162,
1.135756,
1.160884,
1.155789,
1.141764,
1.136466,
1.131591,
1.162723,
1.147187,
1.163348,
1.131368,
1.143059,
1.140196,
1.143464,
1.142181,
1.151165,
1.128559,
1.131365,
1.143208,
1.141212,
1.129270,
1.133155,
1.119221,
1.137804,
1.137615,
1.130008,
1.137747,
1.139210,
1.140138,
1.115290,
1.124296,
1.141438,
1.116646,
1.138239,
1.121029,
1.133421,
1.114637,
1.116756,
1.142819,
1.127510,
1.114711,
1.125013,
1.134552,
1.123908,
1.124629,
1.121128,
1.121999,
1.107877,
1.119453,
1.113034,
1.113372,
1.119430,
1.101775,
1.134179,
1.106089,
1.109754,
1.124913,
1.107205,
1.118893,
1.113839,
1.107400,
1.114306,
1.106234,
1.106239,
1.105775,
1.098378,
1.103462,
1.106334,
1.122541,
1.102817,
1.108816,
1.112144,
1.098577,
1.101824,
1.097599,
1.110737,
1.107100,
1.113775,
1.097891,
1.093029,
1.092935,
1.100926,
1.099769,
1.094854,
1.103915,
1.098676,
1.095083,
1.093174,
1.089654,
1.089185,
1.096289,
1.094562,
1.095810,
1.091826,
1.091739,
1.102741,
1.100112,
1.091735,
1.093275,
1.089527,
1.095150,
1.089519,
1.082148,
1.087019,
1.099156,
1.099100,
1.083213,
1.097790,
1.090952,
1.099209,
1.083215,
1.084224,
1.083212,
1.079785,
1.087177,
1.076985,
1.084612,
1.080854,
1.096047,
1.080742,
1.092528,
1.072499,
1.079012,
1.073228,
1.075903,
1.083438,
1.071361,
1.082310,
1.074231,
1.076918,
1.084185,
1.076825,
1.077582,
1.080891,
1.077661,
1.078016,
1.072395,
1.070050,
1.078770,
1.084635,
1.071338,
1.076915,
1.075326,
1.079684,
1.079167,
1.078984,
1.085953,
1.075234,
1.070776,
1.074757,
1.088136,
1.076788,
1.078161,
1.080070,
1.066477,
1.070149,
1.077721,
1.066348,
1.078064,
1.075345,
1.078537,
1.065629,
1.077401,
1.062055,
1.068750,
1.070939,
1.074590,
1.073916,
1.072116,
1.063701,
1.075650,
1.062920,
1.074167,
1.073997,
1.063562,
1.074300,
1.072208,
1.084431,
1.060482,
1.065944,
1.068790,
1.076528,
1.071094,
1.061670,
1.077384,
1.058327,
1.059397,
1.061578,
1.060865,
1.063330,
1.060887,
1.079284,
1.058885,
1.066457,
1.072258,
1.065053,
1.062502,
1.067696,
1.062484,
1.061950,
1.072996,
1.054618,
1.060760,
1.062942,
1.056574,
1.067800,
1.064610,
1.071348,
1.072324,
1.059698,
1.059200,
1.062903,
1.057036,
1.067175,
1.054620,
1.057407,
1.055283,
1.056815,
1.057662,
1.058888,
1.064507,
1.065012,
1.064491,
1.059690,
1.064135,
1.061673,
1.054805,
1.056312,
1.057224,
1.067910,
1.057290,
1.062100,
1.058248,
1.053411,
1.061809,
1.046491,
1.056311,
1.054596,
1.058569,
1.059744,
1.060781,
1.056554,
1.058988,
1.055083,
1.065594,
1.055313,
1.066127,
1.054237,
1.051993,
1.054594,
1.054384,
1.050748,
1.056287,
1.060040,
1.052636,
1.048606,
1.057563,
1.042009,
1.050912,
1.057680,
1.052000,
1.050553,
1.053607,
1.051435,
1.051993,
1.051322,
1.047144,
1.048389,
1.053006,
1.051538,
1.036612,
1.046306,
1.051074,
1.050195,
1.042192,
1.054457,
1.047572,
1.048266,
1.053389,
1.057590,
1.049772,
1.063487,
1.041791,
1.064796,
1.045572,
1.060197,
1.052264,
1.054792,
1.038764,
1.048085,
1.054658,
1.056916,
1.045670,
1.058318,
1.042297,
1.044491,
1.049137,
1.045825,
1.050858,
1.044407,
1.053140,
1.048045,
1.046670,
1.046017,
1.046973,
1.048034,
1.047748,
1.053087,
1.054685,
1.044192,
1.044264,
1.050796,
1.047668,
1.052896,
1.044781,
1.049085,
1.054021,
1.049057,
1.050176,
1.051997,
1.048043,
1.043537,
1.056638,
1.043188,
1.050765,
1.054314,
1.040224,
1.049262,
1.050567,
1.042851,
1.044539,
1.045650,
1.039998,
1.047294,
1.046004,
1.039996,
1.045438,
1.036660,
1.040173,
1.048041,
1.039452,
1.043227,
1.042877,
1.037179,
1.038769,
1.044821,
1.042168,
1.046817,
1.045340,
1.040542,
1.042403,
1.059207,
1.042273,
1.036677,
1.045553,
1.046719,
1.038518,
1.034015,
1.043210,
1.053518,
1.040093,
1.054398,
1.043495,
1.042910,
1.047631,
1.047130,
1.034551,
1.049397,
1.038510,
1.039118,
1.039478,
1.040397,
1.037746,
1.038274,
1.043827,
1.046554,
1.037758,
1.035923,
1.047786,
1.040309,
1.042104,
1.045176,
1.039860,
1.043154,
1.035976,
1.041495,
1.043443,
1.044780,
1.033367,
1.048413,
1.041152,
1.050889,
1.040050,
1.037523,
1.038259,
1.045374,
1.033692,
1.043349,
1.037656,
1.034555,
1.035576,
1.038058,
1.036710,
1.035971,
1.033658,
1.042108,
1.042488,
1.038373,
1.034091,
1.032762,
1.034312,
1.040670,
1.035650,
1.032289,
1.039467,
1.035484,
1.042710,
1.036736,
1.037563,
1.037070,
1.041289,
1.037225,
1.038025,
1.036649,
1.042206,
1.037412,
1.042934,
1.034562,
1.033179,
1.040860,
1.038774,
1.045080,
1.040761,
1.037530,
1.034978,
1.032912,
1.031233,
1.034984,
1.036184,
1.043408,
1.033682,
1.034882,
1.028830,
1.036459,
1.029617,
1.034643,
1.034257,
1.040548,
1.034381,
1.033229,
1.034557,
1.040386,
1.039660,
1.036720,
1.035468,
1.039262,
1.033296,
1.034670,
1.039331,
1.033950,
1.034833,
1.035187,
1.035051,
1.033280,
1.031505,
1.039489,
1.038330,
1.036899,
1.031702,
1.038979,
1.038846,
1.040798,
1.037295,
1.034161,
1.039045,
1.035531,
1.035562,
1.039379,
1.030902,
1.036586,
1.032536,
1.034436,
1.034231,
1.030559,
1.041179,
1.036840,
1.038484,
1.028839,
1.028269,
1.027556,
1.029192,
1.033969,
1.033046,
1.034670,
1.034260,
1.035280,
1.037068,
1.038285,
1.039282,
1.027113,
1.032183,
1.028850,
1.028262,
1.040499,
1.029649,
1.032910,
1.027574,
1.026818,
1.040796,
1.036059,
1.033583,
1.030962,
1.036615,
1.037426,
1.031019,
1.031161,
1.033548,
1.034473,
1.034173,
1.032261,
1.028300,
1.038479,
1.033271,
1.027812,
1.030144,
1.032232,
1.037038,
1.025155,
1.027903,
1.029962,
1.029809,
1.030962,
1.033344,
1.030870,
1.035253,
1.028087,
1.031263,
1.033639,
1.035671,
1.027500,
1.027600,
1.034993,
1.029925,
1.035800,
1.032005,
1.034298,
1.034904,
1.038010,
1.034950,
1.027458,
1.030517,
1.026816,
1.028807,
1.033754,
1.031597,
1.032369,
1.028818,
1.030891,
1.030603,
1.028497,
1.027250,
1.032532,
1.036759,
1.030437,
1.028446,
1.025040,
1.025620,
1.026925,
1.026321,
1.032653,
1.025565,
1.029484,
1.026143,
1.026606,
1.028794,
1.024248,
1.033296,
1.026208,
1.029057,
1.027543,
1.024411,
1.029921,
1.029818,
1.033294,
1.031250,
1.027919,
1.030259,
1.026590,
1.031873,
1.031990,
1.028880,
1.027928,
1.025272,
1.023502,
1.030261,
1.026537,
1.027790,
1.030301,
1.024134,
1.030484,
1.037399,
1.027534,
1.026190,
1.037067,
1.022443,
1.027161,
1.025838,
1.024565,
1.033328,
1.020893,
1.025883,
1.024823,
1.025064,
1.028164,
1.030851,
1.027929,
1.026192,
1.023754,
1.026816,
1.024072,
1.027275,
1.029535,
1.026489,
1.022489,
1.030819,
1.030901,
1.025211,
1.027541,
1.027139,
1.026216,
1.030534,
1.033147,
1.029879,
1.034440,
1.025873,
1.024504,
1.029576,
1.029460,
1.030531,
1.031764,
1.023204,
1.029557,
1.025183,
1.025443,
1.027121,
1.022780,
1.026181,
1.026633,
1.024828,
1.029491,
1.020443,
1.025249,
1.020803,
1.024564,
1.030497,
1.024766,
1.028200,
1.025582,
1.026231,
1.030929,
1.023192,
1.027776,
1.026732,
1.024647,
1.024487,
1.028871,
1.025599,
1.031884,
1.023158,
1.026752,
1.025799,
1.028108,
1.027181,
1.022805,
1.029929,
1.024567,
1.026890,
1.025194,
1.032986,
1.028929,
1.029028,
1.022434,
1.027245,
1.025815,
1.022472,
1.024601,
1.027121,
1.022721,
1.026806,
1.024127,
1.024572,
1.025096,
1.023004,
1.025555,
1.028482,
1.025157,
1.028856,
1.026870,
1.023198,
1.025831,
1.024833,
1.023099,
1.021855,
1.026503,
1.022790,
1.025740,
1.020972,
1.027563,
1.026268,
1.024547,
1.020255,
1.025897,
1.024466,
1.025282,
1.021837,
1.023165,
1.027888,
1.021963,
1.020844,
1.020824,
1.020802,
1.026336,
1.023462,
1.025858,
1.020755,
1.022163,
1.023159,
1.019845,
1.028511,
1.020437,
1.019822,
1.022482,
1.023131,
1.020836,
1.021792,
1.022803,
1.026736,
1.025742,
1.021807,
1.019860,
1.025569,
1.021756,
1.024503,
1.026031,
1.022154,
1.029163,
1.023330,
1.022462,
1.018503,
1.023526,
1.027158,
1.026150,
1.021093,
1.021178,
1.024868,
1.020845,
1.023918,
1.020194,
1.022512,
1.019185,
1.021543,
1.023545,
1.020360,
1.026523,
1.023057,
1.033314,
1.023476,
1.024120,
1.020483,
1.029260,
1.022440,
1.023803,
1.021142,
1.020856,
1.019486,
1.023180,
1.020824,
1.023106,
1.023865,
1.021203,
1.018498,
1.016558,
1.021234,
1.020155,
1.021086,
1.023453,
1.021865,
1.029901,
1.021148,
1.026143,
1.023088,
1.019487,
1.022410,
1.022182,
1.023849,
1.024524,
1.023178,
1.020169,
1.022382,
1.022226,
1.023442,
1.015625,
1.024215,
1.018828,
1.022423,
1.023503,
1.023428,
1.023528,
1.026572,
1.024782,
1.026821,
1.021120,
1.020215,
1.020910,
1.023553,
1.025170,
1.023497,
1.026128,
1.022249,
1.023106,
1.020735,
1.020771,
1.014830,
1.023540,
1.018754,
1.016481,
1.023492,
1.018829,
1.024926,
1.027202,
1.020830,
1.020803,
1.022639,
1.025934,
1.019460,
1.017811,
1.017516,
1.022819,
1.020783,
1.031502,
1.015892,
1.019842,
1.023613,
1.023136,
1.023554,
1.020437,
1.019140,
1.025452,
1.019183,
1.020806,
1.022757,
1.016828,
1.017817,
1.019135,
1.020820,
1.026553,
1.020485,
1.019800,
1.019806,
1.020183,
1.015914,
1.020124,
1.018157,
1.019494,
1.019800,
1.020152,
1.017219,
1.020159,
1.018839,
1.027105,
1.019150,
1.021841,
1.023531,
1.021779,
1.020789,
1.026884,
1.017265,
1.021875,
1.020782,
1.021177,
1.023174,
1.017168,
1.025130,
1.021467,
1.020854,
1.024284,
1.018487,
1.024190,
1.022288,
1.021251,
1.016164,
1.018179,
1.017798,
1.022634,
1.023427,
1.021850,
1.016163,
1.023208,
1.024107,
1.022798,
1.017812,
1.020789,
1.023740,
1.023766,
1.024183,
1.020451,
1.017242,
1.025053,
1.015529,
1.016530,
1.018243,
1.018761,
1.013243,
1.020444,
1.022560,
1.018147,
1.018767,
1.018578,
1.018156,
1.023157,
1.021200,
1.023447,
1.018180,
1.021461,
1.020548,
1.019483,
1.019113,
1.024818,
1.019507,
1.018167,
1.017555,
1.025872,
1.018582,
1.024559,
1.017819,
1.021745,
1.018483,
1.021952,
1.017185,
1.016814,
1.020206,
1.017812,
1.024514,
1.020779,
1.020886,
1.020445,
1.023243,
1.022080,
1.019785,
1.014914,
1.017604,
1.015961,
1.023123,
1.019127,
1.023568,
1.021253,
1.016841,
1.016580,
1.021960,
1.017133,
1.016522,
1.020534,
1.019498,
1.020569,
1.022100,
1.024855,
1.020217,
1.014549,
1.018531,
1.017510,
1.017154,
1.013878,
1.021440,
1.019556,
1.018918,
1.017179,
1.019778,
1.018843,
1.016828,
1.012922,
1.016173,
1.016231,
1.016205,
1.016869,
1.011911,
1.022855,
1.016496,
1.019779,
1.014923,
1.018911,
1.015885,
1.018150,
1.018263,
1.019245,
1.021834,
1.012265,
1.015892,
1.017937,
1.018754,
1.019888,
1.015559,
1.020111,
1.016136,
1.021247,
1.018515,
1.017136,
1.022513,
1.019610,
1.016180,
1.016194,
1.022981,
1.017821,
1.017174,
1.018510,
1.020124,
1.024753,
1.020172,
1.015208,
1.019107,
1.015825,
1.021155,
1.016208,
1.019140,
1.024528,
1.020810,
1.017540,
1.018130,
1.015883,
1.017499,
1.017588,
1.020239,
1.020793,
1.019199,
1.015858,
1.012894,
1.019801,
1.019500,
1.019494,
1.017791,
1.015920,
1.017561,
1.013944,
1.014868,
1.023213,
1.019572,
1.015580,
1.017866,
1.017472,
1.017459,
1.019764,
1.019606,
1.018518,
1.018232,
1.016496,
1.017243,
1.016177,
1.017116,
1.019763,
1.012602,
1.015526,
1.016918,
1.013593,
1.016201,
1.016890,
1.016913,
1.024807,
1.016862,
1.018180,
1.015969,
1.015566,
1.015498,
1.017320,
1.013898,
1.018816,
1.019792,
1.016841,
1.014909,
1.017533,
1.018179,
1.019555,
1.017884,
1.014512,
1.019861,
1.019740,
1.017834,
1.013233,
1.014234,
1.018109,
1.015921,
1.025123,
1.020162,
1.012894,
1.016834,
1.021581,
1.015529,
1.018456,
1.016205,
1.017560,
1.017785,
1.019163,
1.021214,
1.018558,
1.012237,
1.020430,
1.016910,
1.016931,
1.011609,
1.014888,
1.015851,
1.016544,
1.011301,
1.014227,
1.017130,
1.013919,
1.012277,
1.014827,
1.019508,
1.015810,
1.012596,
1.009998,
1.011585,
1.016163,
1.018518,
1.015921,
1.014563,
1.017804,
1.014885,
1.014305,
1.015234,
1.014512,
1.014841,
1.016204,
1.016562,
1.010928,
1.017865,
1.017466,
1.021758,
1.014563,
1.016579,
1.019871,
1.014163,
1.013864,
1.017846,
1.020829,
1.014854,
1.014881,
1.020151,
1.018116,
1.015899,
1.021143,
1.014947,
1.015546,
1.016129,
1.015186,
1.017825,
1.013213,
1.016190,
1.018537,
1.020090,
1.015906,
1.016533,
1.017133,
1.017955,
1.018227,
1.017153,
1.012945,
1.016183,
1.016523,
1.014560,
1.015509,
1.017472,
1.021502,
1.015593,
1.012582,
1.014238,
1.017112,
1.019172,
1.016864,
1.012881,
1.014196,
1.017527,
1.014516,
1.017174,
1.016557,
1.016184,
1.017653,
1.018538,
1.014258,
1.013918,
1.020477,
1.013881,
1.014916,
1.014549,
1.016873,
1.016932,
1.011307,
1.015845,
1.015575,
1.015170,
1.015797,
1.015591,
1.019826,
1.014244,
1.015866,
1.010001,
1.014106,
1.019094,
1.013281,
1.014824,
1.011968,
1.015570,
1.018860,
1.013894,
1.015255,
1.012962,
1.017923,
1.017859,
1.018912,
1.017520,
1.017479,
1.016448,
1.015526,
1.013200,
1.019528,
1.016898,
1.013939,
1.015871,
1.011233,
1.015247,
1.019313,
1.014563,
1.013550,
1.017891,
1.014210,
1.015838,
1.011270,
1.013210,
1.015621,
1.017846,
1.019418,
1.017533,
1.014875,
1.012936,
1.017188,
1.014887,
1.016176,
1.012907,
1.017112,
1.015533,
1.014961,
1.017811,
1.015913,
1.014570,
1.015139,
1.013844,
1.013689,
1.016556,
1.017177,
1.015228,
1.012271,
1.015278,
1.015207,
1.016198,
1.015608,
1.017180,
1.014564,
1.015845,
1.019220,
1.013282,
1.014672,
1.013892,
1.014549,
1.015235,
1.011921,
1.013210,
1.017154,
1.016475,
1.017914,
1.016878,
1.012237,
1.015525,
1.012568,
1.012908,
1.015200,
1.016259,
1.017812,
1.014546,
1.015269,
1.014204,
1.014916,
1.015526,
1.013888,
1.016198,
1.016222,
1.013912,
1.015900,
1.012270,
1.010965,
1.016183,
1.015479,
1.014604,
1.012908,
1.013281,
1.012270,
1.017838,
1.012941,
1.016510,
1.019134,
1.017154,
1.014951,
1.015223,
1.016280,
1.013600,
1.011607,
1.012542,
1.018536,
1.014868,
1.014558,
1.012915,
1.012946,
1.012562,
1.012613,
1.019882,
1.013565,
1.013559,
1.014589,
1.015498,
1.012589,
1.012549,
1.014302,
1.018177,
1.015962,
1.010303,
1.011612,
1.013586,
1.016904,
1.013870,
1.013898,
1.011267,
1.014502,
1.013649,
1.014509,
1.016144,
1.010911,
1.015276,
1.015200,
1.017922,
1.017832,
1.012006,
1.012569,
1.010609,
1.010938,
1.009334,
1.012602,
1.014597,
1.013240,
1.013875,
1.019813,
1.015498,
1.015872,
1.017230,
1.013237,
1.013925,
1.014203,
1.009360,
1.015190,
1.016857,
1.013546,
1.013945,
1.011283,
1.016190,
1.009042,
1.012542,
1.012223,
1.015228,
1.013967,
1.015827,
1.012637,
1.014210,
1.015595,
1.011891,
1.012588,
1.015207,
1.011267,
1.014888,
1.016163,
1.012284,
1.012283,
1.013011,
1.013325,
1.013247,
1.011891,
1.012602,
1.015844,
1.018808,
1.013562,
1.011263,
1.009991,
1.016807,
1.016190,
1.012921,
1.008988,
1.013905,
1.010643,
1.014502,
1.012935,
1.017160,
1.011263,
1.012569,
1.013256,
1.012306,
1.014502,
1.013946,
1.014869,
1.018408,
1.011599,
1.010921,
1.011667,
1.011962,
1.012569,
1.015207,
1.015554,
1.015851,
1.009978,
1.017150,
1.010676,
1.012928,
1.015533,
1.014577,
1.011336,
1.013020,
1.013233,
1.012226,
1.010948,
1.010645,
1.012902,
1.012630,
1.014909,
1.014204,
1.013898,
1.012928,
1.012230,
1.018856,
1.012922,
1.016284,
1.011966,
1.010935,
1.013871,
1.011256,
1.013565,
1.013888,
1.017133,
1.013230,
1.012602,
1.015846,
1.012928,
1.009374,
1.014502,
1.014553,
1.014923,
1.013546,
1.009981,
1.017445,
1.010005,
1.011980,
1.010938,
1.013560,
1.013296,
1.009327,
1.015248,
1.012874,
1.010968,
1.008696,
1.014928,
1.012558,
1.012314,
1.013586,
1.013296,
1.011016,
1.017168,
1.012264,
1.008072,
1.013240,
1.013871,
1.014563,
1.012909,
1.011917,
1.017533,
1.013284,
1.012637,
1.011626,
1.015851,
1.012583,
1.006092,
1.015254,
1.010603,
1.009954,
1.012609,
1.008032,
1.010331,
1.013607,
1.007679,
1.011612,
1.010603,
1.012915,
1.014170,
1.012247,
1.011293,
1.012604,
1.013552,
1.013279,
1.012277,
1.011016,
1.012901,
1.010982,
1.011935,
1.012887,
1.009659,
1.014821,
1.015804,
1.013237,
1.010310,
1.012568,
1.014217,
1.010952,
1.011626,
1.012934,
1.012264,
1.013959,
1.014186,
1.014251,
1.016461,
1.011287,
1.011918,
1.015526,
1.012969,
1.011310,
1.011606,
1.013206,
1.017181,
1.010324,
1.009333,
1.013233,
1.012257,
1.014223,
1.014559,
1.018143,
1.014203,
1.013586,
1.017140,
1.012908,
1.012585,
1.013538,
1.011253,
1.008669,
1.009978,
1.013878,
1.013871,
1.014914,
1.015844,
1.012962,
1.011240,
1.010677,
1.013903,
1.014847,
1.011630,
1.007404,
1.014681,
1.013865,
1.013562,
1.011917,
1.010330,
1.013532,
1.010619,
1.011925,
1.012586,
1.011917,
1.013878,
1.013301,
1.012908,
1.016828,
1.011572,
1.012948,
1.010935,
1.009659,
1.011280,
1.009001,
1.013871,
1.011630,
1.010623,
1.013546,
1.014189,
1.015591,
1.008364,
1.011579,
1.011314,
1.012590,
1.010981,
1.013240,
1.011634,
1.012535,
1.011586,
1.012894,
1.011273,
1.012277,
1.012210,
1.013944,
1.010624,
1.011605,
1.011273,
1.012237,
1.012589,
1.011253,
1.012274,
1.011347,
1.011941,
1.014868,
1.010989,
1.012895,
1.010019,
1.011246,
1.009337,
1.011240,
1.013213,
1.013552,
1.009958,
1.012217,
1.012602,
1.011629,
1.011253,
1.011650,
1.014258,
1.010596,
1.010612,
1.012956,
1.013884,
1.014902,
1.010996,
1.008025,
1.012633,
1.010961,
1.013552,
1.011938,
1.012562,
1.010386,
1.014896,
1.013179,
1.015844,
1.011307,
1.013241,
1.011253,
1.011945,
1.010270,
1.012916,
1.013864,
1.013592,
1.012277,
1.013230,
1.009347,
1.014203,
1.004471,
1.009998,
1.013874,
1.013559,
1.009965,
1.013654,
1.011904,
1.009673,
1.008689,
1.009110,
1.013572,
1.010304,
1.009365,
1.012240,
1.017825,
1.012256,
1.011002,
1.013891,
1.015201,
1.010629,
1.013945,
1.009666,
1.010711,
1.010975,
1.011612,
1.014556,
1.012261,
1.007045,
1.008025,
1.014170,
1.012257,
1.009998,
1.012277,
1.011293,
1.013931,
1.009699,
1.013228,
1.012283,
1.008702,
1.013898,
1.013240,
1.009333,
1.011944,
1.010622,
1.013303,
1.009327,
1.014525,
1.008353,
1.009998,
1.013234,
1.011652,
1.007367,
1.012284,
1.010297,
1.014196,
1.011260,
1.008350,
1.009632,
1.010636,
1.012250,
1.013240,
1.011327,
1.009347,
1.009364,
1.009646,
1.013621,
1.012317,
1.012230,
1.014550,
1.012895,
1.011924,
1.011938,
1.009347,
1.009333,
1.012243,
1.009656,
1.011287,
1.011287,
1.010951,
1.009313,
1.012256,
1.010623,
1.009944,
1.007360,
1.015206,
1.010616,
1.012975,
1.012049,
1.009313,
1.010316,
1.009334,
1.011300,
1.011592,
1.012250,
1.011592,
1.009347,
1.012319,
1.014827,
1.012914,
1.011606,
1.011897,
1.012257,
1.008656,
1.010602,
1.009330,
1.014589,
1.012943,
1.007380,
1.009355,
1.011928,
1.008689,
1.013525,
1.005793,
1.013926,
1.010304,
1.009035,
1.012271,
1.011619,
1.012305,
1.007733,
1.009334,
1.008975,
1.009958,
1.010589,
1.012638,
1.012908,
1.013213,
1.009008,
1.012535,
1.008988,
1.008031,
1.008716,
1.011240,
1.009370,
1.011273,
1.014864,
1.012271,
1.008397,
1.010677,
1.011606,
1.010615,
1.008025,
1.011324,
1.011308,
1.013273,
1.011921,
1.010642,
1.009008,
1.010629,
1.009041,
1.011944,
1.011240,
1.014881,
1.010290,
1.011599,
1.009951,
1.010592,
1.013532,
1.010310,
1.010915,
1.011643,
1.009984,
1.010615,
1.010799,
1.007719,
1.011948,
1.011951,
1.010629,
1.013593,
1.014224,
1.013599,
1.008344,
1.010954,
1.009686,
1.009646,
1.008669,
1.009999,
1.010622,
1.008676,
1.011270,
1.009001,
1.011931,
1.009001,
1.010656,
1.008643,
1.007686,
1.009659,
1.011579,
1.012562,
1.010633,
1.007048,
1.011931,
1.008656,
1.013267,
1.008995,
1.010649,
1.010988,
1.012263,
1.012958,
1.010310,
1.009334,
1.009938,
1.014515,
1.012243,
1.010650,
1.008344,
1.010642,
1.012351,
1.008710,
1.011668,
1.012243,
1.009998,
1.009327,
1.012237,
1.013586,
1.009334,
1.011911,
1.006394,
1.009652,
1.012887,
1.014603,
1.014264,
1.012257,
1.011884,
1.008662,
1.008981,
1.009984,
1.010636,
1.007407,
1.011260,
1.010635,
1.013871,
1.009001,
1.012257,
1.013539,
1.011925,
1.010276,
1.011247,
