3.940000,
2.252922,
1.907777,
1.588175,
1.498876,
1.368363,
1.229620,
1.271233,
1.246564,
1.235285,
1.215820,
1.201453,
1.161401,
1.123874,
1.190397,
1.123465,
1.150478,
1.103504,
1.128967,
1.097383,
1.085798,
1.097977,
1.059452,
1.101259,
1.120249,
1.079173,
1.086225,
1.077923,
1.076341,
1.073504,
1.062052,
1.064953,
1.053603,
1.065096,
1.031729,
1.068043,
1.042280,
1.061868,
1.039966,
1.026386,
1.048243,
1.026044,
1.051145,
1.061931,
1.034133,
1.044935,
1.028816,
1.028702,
1.056625,
1.053544,
1.036845,
1.018041,
1.042280,
1.065975,
1.053372,
1.036909,
1.056810,
1.037133,
1.031420,
1.031306,
1.056261,
1.015518,
1.031306,
1.050480,
1.034020,
1.025934,
1.061868,
1.034251,
1.031416,
1.031306,
1.026044,
1.039790,
1.018069,
1.034020,
1.018069,
1.034351,
1.039857,
1.012860,
1.023331,
1.033964,
1.005155,
1.028989,
1.013077,
1.023331,
1.010204,
1.031530,
1.031388,
1.020673,
1.015518,
1.028702,
1.028648,
1.012914,
1.020890,
1.015466,
1.007706,
1.018015,
1.012860,
1.031750,
1.018232,
1.023387,
1.023331,
1.023276,
1.023493,
1.010309,
1.026265,
1.012860,
1.012860,
1.015518,
1.028592,
1.028702,
1.023331,
1.010257,
1.015518,
1.042504,
1.020619,
1.005102,
1.015411,
1.015411,
1.010257,
1.010364,
1.026265,
1.015518,
1.012915,
1.026044,
1.023276,
1.018400,
1.005102,
1.018069,
1.018176,
1.010257,
1.010257,
1.018015,
1.018232,
1.007706,
1.018176,
1.020836,
1.012915,
1.002551,
1.018176,
1.007653,
1.012860,
1.010309,
1.010309,
1.015681,
1.023523,
1.005102,
1.018069,
1.010257,
1.023387,
1.020673,
1.031420,
1.002551,
1.010364,
1.007706,
1.012860,
1.015518,
1.005102,
1.023555,
1.012860,
1.012808,
1.010257,
1.010257,
1.025934,
1.012808,
1.012967,
1.012967,
1.028898,
1.018179,
1.018015,
1.010309,
1.012915,
1.015411,
1.031757,
1.010309,
1.010309,
1.012808,
1.010364,
1.021004,
1.005102,
1.005102,
1.010257,
1.005102,
1.007706,
1.012860,
1.015464,
1.010364,
1.010309,
1.005155,
1.012808,
1.007653,
1.010257,
1.007706,
1.000000,
1.018069,
1.007706,
1.007706,
1.002551,
1.018176,
1.012860,
1.010364,
1.012915,
1.018122,
1.010257,
1.015518,
1.018015,
1.005102,
1.007653,
1.005102,
1.012860,
1.010364,
1.015464,
1.002551,
1.020673,
1.010204,
1.010364,
1.010364,
1.002551,
1.002551,
1.005102,
1.013077,
1.012860,
1.015411,
1.002551,
1.000000,
1.005102,
1.015518,
1.015464,
1.012860,
1.007653,
1.012915,
1.002551,
1.012808,
1.002551,
1.007653,
1.012915,
1.005102,
1.010257,
1.010204,
1.007653,
1.005102,
1.007653,
1.010257,
1.018069,
1.002551,
1.002551,
1.002551,
1.015411,
1.007706,
1.010257,
1.007706,
1.007706,
1.010257,
1.002551,
1.002551,
1.007653,
1.002551,
1.007706,
1.012915,
1.005102,
1.012860,
1.005102,
1.005155,
1.002551,
1.010204,
1.007706,
1.012808,
1.010364,
1.010364,
1.018122,
1.005155,
1.007653,
1.010364,
1.007706,
1.007732,
1.005155,
1.012808,
1.002551,
1.007653,
1.002551,
1.007706,
1.010257,
1.010257,
1.012967,
1.010257,
1.007706,
1.005102,
1.002551,
1.005102,
1.005102,
1.007706,
1.012808,
1.005102,
1.012915,
1.015518,
1.012808,
1.000000,
1.005155,
1.015466,
1.002551,
1.002551,
1.012915,
1.010257,
1.012915,
1.002551,
1.007706,
1.012860,
1.010257,
1.005102,
1.010309,
1.012915,
1.000000,
1.005102,
1.005102,
1.000000,
1.010257,
1.005102,
1.002551,
1.002551,
1.012967,
1.012860,
1.005102,
1.005102,
1.007653,
1.002551,
1.007706,
1.007706,
1.007653,
1.005102,
1.010257,
1.005102,
1.012808,
1.007706,
1.007653,
1.012808,
1.010257,
1.005102,
1.005102,
1.005102,
1.002551,
1.007653,
1.005102,
1.000000,
1.007706,
1.007706,
1.000000,
1.007706,
1.000000,
1.005155,
1.005102,
1.005102,
1.005102,
1.007653,
1.002551,
1.002551,
1.012808,
1.010309,
1.002551,
1.002551,
1.010390,
1.005155,
1.002551,
1.002551,
1.002551,
1.005102,
1.007706,
1.007706,
1.005102,
1.007706,
1.005155,
1.005102,
1.005102,
1.005102,
1.002551,
1.010309,
1.005102,
1.005102,
1.000000,
1.007706,
1.002551,
1.010309,
1.002551,
1.007812,
1.002551,
1.002551,
1.002551,
1.005155,
1.005102,
1.002551,
1.007706,
1.007706,
1.002551,
1.007706,
1.000000,
1.010257,
1.002551,
1.005102,
1.007706,
1.002551,
1.000000,
1.005155,
1.010204,
1.002551,
1.005102,
1.015681,
1.007706,
1.010257,
1.005102,
1.000000,
1.007706,
1.005155,
1.005102,
1.005155,
1.002551,
1.002551,
1.007706,
1.007706,
1.010257,
1.000000,
1.007706,
1.007653,
1.007706,
1.012860,
1.007706,
1.007653,
1.010257,
1.005155,
1.007706,
1.012967,
1.005102,
1.005102,
1.000000,
1.005102,
1.002551,
1.007653,
1.002551,
1.010257,
1.015518,
1.005155,
1.005102,
1.000000,
1.005102,
1.007653,
1.005102,
1.000000,
1.000000,
1.000000,
1.005102,
1.002551,
1.005102,
1.002551,
1.002551,
1.005102,
1.000000,
1.005102,
1.000000,
1.000000,
1.007653,
1.002551,
1.005102,
1.010257,
1.002551,
1.005102,
1.000000,
1.002551,
1.005102,
1.005155,
1.007706,
1.007653,
1.005102,
1.002551,
1.002551,
1.005102,
1.002551,
1.005102,
1.007653,
1.000000,
1.002551,
1.005102,
1.002551,
1.002551,
1.000000,
1.015849,
1.000000,
1.002551,
1.007653,
1.005102,
1.002551,
1.002551,
1.002551,
1.010204,
1.005102,
1.005102,
1.005102,
1.002551,
1.000000,
1.000000,
1.000000,
1.002551,
1.005102,
1.000000,
1.000000,
1.005102,
1.002551,
1.007706,
1.002551,
1.005102,
1.000000,
1.000000,
1.007706,
1.010309,
1.002551,
1.005102,
1.012860,
1.007706,
1.000000,
1.000000,
1.000000,
1.002551,
1.007653,
1.010283,
1.000000,
1.000000,
1.002551,
1.005102,
1.002551,
1.010526,
1.005155,
1.002551,
1.002551,
1.000000,
1.000000,
1.007706,
1.005102,
1.012915,
1.000000,
1.005102,
1.007653,
1.002551,
1.002551,
1.015681,
1.005155,
1.000000,
1.002551,
1.000000,
1.002551,
1.002551,
1.005102,
1.010257,
1.002551,
1.002551,
1.002551,
1.005155,
1.002551,
1.000000,
1.007706,
1.002551,
1.005102,
1.000000,
1.002551,
1.005102,
1.007653,
1.005102,
1.002551,
1.005155,
1.005102,
1.005102,
1.005102,
1.007653,
1.002551,
1.010364,
1.002551,
1.005102,
1.002551,
1.002551,
1.002551,
1.000000,
1.000000,
1.002551,
1.005102,
1.000000,
1.005102,
1.007653,
1.002551,
1.000000,
1.002551,
1.005155,
1.000000,
1.002551,
1.002551,
1.002551,
1.000000,
1.002551,
1.002551,
1.000000,
1.002551,
1.007706,
1.002551,
1.007706,
1.005102,
1.002551,
1.002551,
1.002551,
1.000000,
1.000000,
1.002551,
1.002551,
1.000000,
1.002551,
1.002551,
1.002551,
1.002551,
1.002551,
1.000000,
1.007653,
1.000000,
1.005102,
1.005102,
1.002551,
1.010257,
1.002551,
1.005155,
1.002551,
1.000000,
1.002551,
1.000000,
1.000000,
1.000000,
1.007706,
1.002551,
1.002551,
1.000000,
1.002551,
1.000000,
1.002551,
1.002551,
1.000000,
1.000000,
1.000000,
1.005155,
1.002551,
1.002551,
1.000000,
1.000000,
1.000000,
1.005102,
1.005102,
1.000000,
1.000000,
1.000000,
1.002551,
1.007706,
1.002551,
1.002551,
1.002551,
1.002551,
1.000000,
1.007706,
1.002551,
1.002551,
1.005102,
1.000000,
1.002551,
1.005102,
1.002551,
1.002551,
1.000000,
1.000000,
1.005102,
1.005102,
1.010364,
1.002551,
1.002551,
1.005155,
1.000000,
1.010364,
1.005102,
1.002551,
1.002551,
1.000000,
1.005155,
1.007706,
1.000000,
1.000000,
1.002551,
1.002551,
1.000000,
1.000000,
1.002551,
1.005102,
1.002551,
1.000000,
1.005102,
1.007706,
1.000000,
1.000000,
1.005155,
1.000000,
1.012860,
1.002551,
1.002551,
1.007706,
1.005102,
1.000000,
1.005102,
1.002551,
1.000000,
1.002551,
1.005102,
1.002551,
1.002551,
1.002551,
1.002551,
1.005102,
1.005102,
1.000000,
1.002551,
1.007812,
1.000000,
1.000000,
1.005155,
1.002551,
1.005102,
1.000000,
1.002551,
1.007653,
1.000000,
1.002551,
1.002551,
1.002551,
1.000000,
1.002551,
1.002551,
1.002551,
1.002551,
1.005102,
1.002551,
1.000000,
1.005102,
1.005155,
1.000000,
1.000000,
1.002551,
1.002551,
1.000000,
1.000000,
1.005102,
1.002551,
1.007653,
1.005102,
1.000000,
1.005102,
1.002551,
1.002551,
1.000000,
1.002551,
1.000000,
1.002551,
1.000000,
1.000000,
1.000000,
1.000000,
1.002551,
1.002551,
1.002551,
1.002551,
1.000000,
1.002551,
1.002551,
1.000000,
1.000000,
1.002551,
1.005155,
1.002551,
1.002551,
1.002551,
1.002551,
1.007653,
1.002551,
1.000000,
1.002551,
1.005102,
1.002551,
1.002551,
1.000000,
1.002551,
1.002551,
1.002551,
1.000000,
1.002551,
1.005155,
1.005155,
1.000000,
1.002551,
1.000000,
1.000000,
1.002551,
1.002551,
1.000000,
1.010257,
1.000000,
1.000000,
1.005102,
1.010204,
1.000000,
1.002551,
1.007706,
1.007706,
1.005102,
1.005155,
1.002551,
1.005155,
1.005102,
1.002551,
1.000000,
1.007653,
1.002551,
1.002551,
1.002551,
1.002551,
1.005155,
1.005102,
1.005102,
1.000000,
1.000000,
1.012860,
1.002551,
1.002551,
1.010257,
1.000000,
1.005102,
1.005155,
1.005102,
1.002551,
1.002551,
1.005102,
1.002551,
1.002551,
1.005102,
1.000000,
1.000000,
1.010309,
1.005155,
1.000000,
1.000000,
1.002551,
1.005102,
1.005102,
1.005102,
1.000000,
1.002551,
1.007706,
1.000000,
1.002551,
1.000000,
1.000000,
1.002551,
1.000000,
1.002551,
1.000000,
1.000000,
1.000000,
1.000000,
1.000000,
1.005102,
1.005102,
1.000000,
1.000000,
1.005102,
1.000000,
1.002551,
1.002551,
1.002551,
1.000000,
1.000000,
1.005102,
1.000000,
1.002551,
1.002551,
1.005102,
1.002551,
1.000000,
1.000000,
1.000000,
1.002551,
1.002551,
1.007812,
1.000000,
1.000000,
1.000000,
1.000000,
1.000000,
1.002551,
1.005155,
1.010204,
1.002551,
1.002551,
1.000000,
1.005102,
1.000000,
1.002551,
1.002551,
1.005155,
1.000000,
1.000000,
1.005102,
1.000000,
1.005102,
1.002551,
1.002551,
1.007706,
1.002551,
1.000000,
1.002551,
1.000000,
1.002551,
1.000000,
1.002551,
1.002551,
1.010257,
1.000000,
1.005102,
1.005102,
1.000000,
1.002551,
1.002551,
1.000000,
1.002551,
1.002551,
1.000000,
1.000000,
1.005102,
1.000000,
1.007706,
1.002551,
1.005155,
1.000000,
1.005102,
1.000000,
1.005102,
1.010204,
1.000000,
1.000000,
1.000000,
1.005102,
1.005102,
1.002551,
1.000000,
1.000000,
1.000000,
1.000000,
1.000000,
1.005102,
1.002551,
1.002551,
1.005102,
1.002551,
1.005102,
1.000000,
1.002551,
1.002551,
1.002551,
1.000000,
1.000000,
1.000000,
1.000000,
1.000000,
1.000000,
1.002551,
1.005102,
1.000000,
1.002551,
1.002551,
1.000000,
1.000000,
1.005102,
1.000000,
1.000000,
1.000000,
1.005155,
1.005155,
1.002551,
1.002551,
1.002551,
1.007706,
1.000000,
1.000000,
1.000000,
1.005155,
1.007706,
1.000000,
1.005102,
1.000000,
1.002551,
1.002551,
1.000000,
1.005102,
1.002551,
1.005155,
1.002551,
1.002551,
1.002551,
1.002551,
1.002551,
1.002551,
1.000000,
1.005102,
1.000000,
1.007706,
1.000000,
1.002551,
1.007706,
1.000000,
1.002551,
1.005102,
1.000000,
1.002551,
1.007706,
1.005102,
1.002551,
1.002551,
1.000000,
1.002551,
1.000000,
1.002551,
1.002551,
1.005155,
1.000000,
1.000000,
1.000000,
1.005155,
1.000000,
1.000000,
1.002551,
1.007706,
1.000000,
1.000000,
1.002551,
1.002551,
1.000000,
1.000000,
1.002551,
1.005102,
1.000000,
1.002551,
1.000000,
1.000000,
1.002551,
1.005102,
1.000000,
1.000000,
1.000000,
1.000000,
1.000000,
1.002551,
1.000000,
1.000000,
1.000000,
1.007653,
1.002551,
1.007653,
1.002551,
1.002551,
1.000000,
1.005102,
1.002551,
1.002577,
1.000000,
1.002551,
1.000000,
1.000000,
1.000000,
1.000000,
1.000000,
1.002551,
1.002551,
1.002551,
1.002551,
1.002551,
1.000000,
1.000000,
1.002551,
1.000000,
1.000000,
1.002551,
1.002551,
1.002551,
1.000000,
1.005102,
1.005155,
1.000000,
1.005155,
1.000000,
1.000000,
1.000000,
1.005155,
1.002551,
1.000000,
1.005102,
1.005102,
1.000000,
1.002551,
1.005102,
1.007653,
1.000000,
1.002551,
1.002551,
1.005102,
1.000000,
1.000000,
1.002551,
1.005102,
1.002551,
1.000000,
1.002551,
1.000000,
1.000000,
1.000000,
1.000000,
1.002551,
1.002551,
1.002551,
1.000000,
1.002551,
1.000000,
1.000000,
1.002551,
1.000000,
1.002551,
1.002551,
1.002551,
1.000000,
1.002551,
1.002551,
1.000000,
1.000000,
1.000000,
1.000000,
1.002551,
1.002551,
1.000000,
1.000000,
1.002551,
1.000000,
1.005102,
1.002551,
1.002551,
1.002551,
1.002551,
1.000000,
1.000000,
1.002551,
1.000000,
1.002551,
1.005155,
1.005155,
1.005155,
1.000000,
1.000000,
1.002551,
1.002551,
1.000000,
1.000000,
1.000000,
1.002551,
1.002551,
1.000000,
1.000000,
1.000000,
1.002551,
1.000000,
1.000000,
1.002551,
1.005102,
1.000000,
1.000000,
1.000000,
1.002551,
1.002551,
1.000000,
1.002551,
1.002551,
1.002551,
1.000000,
1.000000,
1.002551,
1.002551,
1.000000,
1.000000,
1.002551,
1.000000,
1.000000,
1.005102,
1.002551,
1.000000,
1.000000,
1.000000,
1.000000,
1.002551,
1.002551,
1.005102,
1.000000,
1.000000,
1.000000,
1.002551,
1.005155,
1.000000,
1.002551,
1.000000,
1.000000,
1.000000,
1.000000,
1.000000,
1.007706,
1.002551,
1.000000,
1.002551,
1.005102,
1.000000,
1.000000,
1.005102,
1.000000,
1.000000,
1.005155,
1.002551,
1.000000,
1.002551,
1.002551,
1.002551,
1.002551,
1.002551,
1.000000,
1.005155,
1.000000,
1.000000,
1.000000,
1.000000,
1.000000,
1.002551,
1.005155,
1.002551,
1.000000,
1.000000,
1.002551,
1.005102,
1.002551,
1.002551,
1.000000,
1.000000,
1.000000,
1.000000,
1.002551,
1.000000,
1.000000,
1.005102,
1.005102,
1.005102,
1.000000,
1.000000,
1.002551,
1.000000,
1.002551,
1.000000,
1.000000,
1.000000,
1.000000,
1.002551,
1.002551,
1.000000,
1.000000,
1.000000,
1.002551,
1.000000,
1.000000,
1.000000,
1.000000,
1.005102,
1.002551,
1.000000,
1.000000,
1.000000,
1.000000,
1.002551,
1.000000,
1.000000,
1.005102,
1.002551,
1.005102,
1.000000,
1.000000,
1.000000,
1.000000,
1.002551,
1.002551,
1.000000,
1.000000,
1.002551,
1.002551,
1.000000,
1.005102,
1.005102,
1.000000,
1.000000,
1.005102,
1.000000,
1.000000,
1.000000,
1.000000,
1.000000,
1.000000,
1.002551,
1.005102,
1.000000,
1.000000,
1.000000,
1.005102,
1.005102,
1.002551,
1.005102,
1.005102,
1.007706,
1.000000,
1.002551,
1.000000,
1.000000,
1.000000,
1.000000,
1.002551,
1.002551,
1.000000,
1.000000,
1.000000,
1.000000,
1.002551,
1.000000,
1.000000,
1.000000,
1.002551,
1.000000,
1.000000,
1.000000,
1.000000,
1.000000,
1.005102,
1.002551,
1.002551,
1.005102,
1.000000,
1.002551,
1.000000,
1.005102,
1.000000,
1.000000,
1.002551,
1.000000,
1.002551,
1.002551,
1.002551,
1.000000,
1.002551,
1.000000,
1.000000,
1.000000,
1.007653,
1.000000,
1.005102,
1.000000,
1.000000,
1.002551,
1.000000,
1.002551,
1.010257,
1.000000,
1.002551,
1.002551,
1.000000,
1.000000,
1.000000,
1.005102,
1.002551,
1.000000,
1.005102,
1.000000,
1.000000,
1.000000,
1.000000,
1.000000,
1.002551,
1.000000,
1.005102,
1.000000,
1.002551,
1.002551,
1.007653,
1.000000,
1.002551,
1.000000,
1.000000,
1.002551,
1.005102,
1.002551,
1.000000,
1.002551,
1.000000,
1.000000,
1.002551,
1.000000,
1.002551,
1.000000,
1.002551,
1.002551,
1.005102,
1.000000,
1.000000,
1.000000,
1.000000,
1.002551,
1.000000,
1.000000,
1.000000,
1.002551,
1.000000,
1.000000,
1.000000,
1.002551,
1.002551,
1.005102,
1.002551,
1.005155,
1.000000,
1.005102,
1.002551,
1.000000,
1.000000,
1.002551,
1.000000,
1.002551,
1.002551,
1.000000,
1.005102,
1.000000,
1.002551,
1.000000,
1.002551,
1.000000,
1.007653,
1.005155,
1.002551,
1.000000,
1.000000,
1.002551,
1.005102,
1.000000,
1.000000,
1.005102,
1.000000,
1.000000,
1.007653,
1.000000,
1.000000,
1.002551,
1.000000,
1.002551,
1.002551,
1.000000,
1.005102,
1.000000,
1.000000,
1.000000,
1.002551,
1.000000,
1.002551,
1.000000,
1.005102,
1.000000,
1.000000,
1.002551,
1.002551,
1.002551,
1.005102,
1.000000,
1.005102,
1.000000,
1.000000,
1.005102,
1.002551,
1.002551,
1.000000,
1.002551,
1.000000,
1.000000,
1.000000,
1.002551,
1.000000,
1.000000,
1.000000,
1.000000,
1.005155,
1.000000,
1.000000,
1.000000,
1.000000,
1.002551,
1.002551,
1.005155,
1.000000,
1.005102,
1.000000,
1.000000,
1.000000,
1.000000,
1.000000,
1.000000,
1.000000,
1.000000,
1.000000,
1.000000,
1.000000,
1.002551,
1.000000,
1.000000,
1.002551,
1.002551,
1.002551,
1.000000,
1.000000,
1.002551,
1.000000,
1.000000,
1.005102,
1.000000,
1.000000,
1.002551,
1.005128,
1.002551,
1.000000,
1.000000,
1.002551,
1.002551,
1.002551,
1.002551,
1.000000,
1.000000,
1.000000,
1.002551,
1.000000,
1.002551,
1.000000,
1.000000,
1.002551,
1.000000,
1.000000,
1.002551,
1.000000,
1.005102,
1.000000,
1.002551,
1.000000,
1.002551,
1.000000,
1.002551,
1.002551,
1.002551,
1.000000,
1.002551,
1.000000,
1.000000,
1.000000,
1.002551,
1.000000,
1.002551,
1.002551,
1.000000,
1.002551,
1.000000,
1.002551,
1.000000,
1.000000,
1.002551,
1.000000,
1.002551,
1.000000,
1.000000,
1.000000,
1.000000,
1.002551,
1.000000,
1.000000,
1.000000,
1.000000,
1.002551,
1.002551,
1.000000,
1.000000,
1.000000,
1.000000,
1.000000,
1.002551,
1.000000,
1.002551,
1.000000,
1.002551,
1.000000,
1.000000,
1.000000,
1.000000,
1.005102,
1.007706,
1.000000,
1.000000,
1.000000,
1.000000,
1.000000,
1.002551,
1.002551,
1.000000,
1.002551,
1.002551,
1.000000,
1.002551,
1.000000,
1.005102,
1.000000,
1.000000,
1.002551,
1.002551,
1.000000,
1.002551,
1.000000,
1.002551,
1.002551,
1.000000,
1.000000,
1.000000,
1.002551,
1.002551,
1.005155,
1.000000,
1.000000,
1.000000,
1.002551,
1.000000,
1.000000,
1.000000,
1.002551,
1.002551,
1.000000,
1.000000,
1.000000,
1.002551,
1.002551,
1.002551,
1.000000,
1.000000,
1.000000,
1.000000,
1.000000,
1.000000,
1.000000,
1.000000,
1.000000,
1.002551,
1.000000,
1.002551,
1.000000,
1.000000,
1.000000,
1.002551,
1.002551,
1.000000,
1.000000,
1.000000,
1.002577,
1.002551,
1.000000,
1.000000,
1.000000,
1.000000,
1.000000,
1.000000,
1.000000,
1.000000,
1.005102,
1.000000,
1.002551,
1.002551,
1.002551,
1.000000,
1.000000,
1.000000,
1.002551,
1.002551,
1.000000,
1.005102,
1.000000,
1.002551,
1.000000,
1.000000,
1.002551,
1.000000,
1.002551,
1.005102,
1.002551,
1.005155,
1.002551,
1.000000,
1.000000,
1.002551,
1.000000,
1.002551,
1.002551,
1.000000,
1.005102,
1.000000,
1.002551,
1.000000,
1.005102,
1.000000,
1.002551,
1.000000,
1.002551,
1.000000,
1.000000,
1.000000,
1.002551,
1.000000,
1.005102,
1.000000,
1.000000,
1.000000,
1.000000,
1.002551,
1.000000,
1.002551,
1.000000,
1.000000,
1.002551,
1.002551,
1.000000,
1.002551,
1.002551,
1.000000,
1.002551,
1.000000,
1.000000,
1.002551,
1.002551,
1.000000,
1.002551,
1.000000,
1.002551,
1.002551,
1.002551,
1.000000,
1.000000,
1.000000,
1.005102,
1.000000,
1.000000,
1.000000,
1.000000,
1.000000,
1.000000,
1.000000,
1.000000,
1.000000,
1.005102,
1.002551,
1.002551,
1.000000,
1.000000,
1.000000,
1.002551,
1.000000,
1.002551,
1.000000,
1.002551,
1.002551,
1.000000,
1.000000,
1.002551,
1.000000,
1.000000,
1.002551,
1.002551,
1.000000,
1.000000,
1.002551,
1.002551,
1.002551,
1.000000,
1.005102,
1.000000,
1.000000,
1.002551,
1.000000,
1.002551,
1.000000,
1.002551,
1.002551,
1.002551,
1.000000,
1.000000,
1.005102,
1.000000,
1.000000,
1.000000,
1.000000,
1.000000,
1.002551,
1.000000,
1.000000,
1.000000,
1.000000,
1.000000,
1.000000,
1.000000,
1.002551,
1.002551,
1.005102,
1.002551,
1.002551,
1.002551,
1.000000,
1.000000,
1.000000,
1.000000,
1.002551,
1.002551,
1.005102,
1.000000,
1.002551,
1.000000,
1.002551,
1.000000,
1.002551,
1.002551,
1.000000,
1.010257,
1.000000,
1.000000,
1.000000,
1.002551,
1.000000,
1.002551,
1.002551,
1.002551,
1.000000,
1.007653,
1.000000,
1.000000,
1.002551,
1.005155,
1.002551,
1.000000,
1.002551,
1.000000,
1.002551,
1.002551,
1.000000,
1.000000,
1.005102,
1.000000,
1.000000,
1.000000,
1.002551,
1.000000,
1.000000,
1.002551,
1.005102,
1.002551,
1.002551,
1.002551,
1.002551,
1.000000,
1.000000,
1.000000,
1.000000,
1.000000,
1.000000,
1.000000,
1.000000,
1.002551,
1.000000,
1.000000,
1.000000,
1.002551,
1.000000,
1.000000,
1.000000,
1.000000,
1.000000,
1.002551,
1.000000,
1.000000,
1.002551,
1.000000,
1.000000,
1.000000,
1.002551,
1.000000,
1.000000,
1.000000,
1.002551,
1.000000,
1.000000,
1.002551,
1.002551,
1.000000,
1.000000,
1.002551,
1.000000,
1.000000,
1.000000,
1.002551,
1.000000,
1.000000,
1.002551,
1.000000,
1.000000,
1.000000,
1.005155,
1.000000,
1.002551,
1.000000,
1.002551,
1.000000,
1.000000,
1.000000,
1.000000,
1.005155,
1.000000,
1.000000,
1.002551,
1.000000,
1.000000,
1.000000,
1.002551,
1.000000,
1.000000,
1.000000,
1.005102,
1.002551,
1.000000,
1.000000,
1.000000,
1.000000,
1.002551,
1.005102,
1.002551,
1.000000,
1.002551,
1.000000,
1.000000,
1.005155,
1.002551,
1.000000,
1.000000,
1.002551,
1.000000,
1.000000,
1.002551,
1.000000,
1.002551,
1.000000,
1.005102,
1.000000,
1.000000,
1.000000,
1.000000,
1.007706,
1.000000,
1.000000,
1.000000,
1.002551,
1.002551,
1.002551,
1.002551,
1.000000,
1.000000,
1.002551,
1.002551,
1.002551,
1.000000,
1.000000,
1.000000,
1.002551,
1.002551,
1.000000,
1.005155,
1.000000,
1.000000,
1.002551,
1.000000,
1.000000,
1.000000,
1.002551,
1.000000,
1.000000,
1.000000,
1.000000,
1.000000,
1.000000,
1.002551,
1.000000,
1.000000,
1.000000,
1.000000,
1.002551,
1.000000,
1.002551,
1.000000,
1.000000,
1.000000,
1.002551,
1.000000,
1.002551,
1.000000,
1.002551,
1.002551,
1.000000,
1.000000,
1.002551,
1.002551,
1.007706,
1.000000,
1.000000,
1.000000,
1.000000,
1.002551,
1.000000,
1.000000,
1.002551,
1.002551,
1.002551,
1.000000,
1.000000,
1.002551,
1.000000,
1.002551,
1.000000,
1.000000,
1.000000,
1.000000,
1.005102,
1.000000,
1.000000,
1.002551,
1.000000,
