45.078125,
27.279948,
19.067969,
14.722005,
12.382889,
10.050706,
9.376372,
8.154441,
7.720182,
6.665316,
6.707183,
5.787291,
5.362778,
5.027960,
4.843432,
4.585045,
4.602846,
4.205356,
4.018439,
3.842709,
3.725246,
3.422528,
3.505942,
3.496111,
3.189298,
3.190648,
3.308713,
3.022494,
3.038102,
2.835361,
2.881190,
2.752219,
2.719649,
2.730211,
2.608045,
2.609312,
2.536289,
2.490042,
2.644480,
2.400432,
2.486741,
2.379788,
2.279110,
2.223202,
2.232671,
2.172646,
2.254878,
2.177181,
2.172225,
2.109718,
2.093922,
2.130092,
2.052583,
1.986949,
2.002570,
2.016083,
2.014349,
1.935351,
1.959594,
1.970920,
1.871315,
1.962405,
1.902403,
1.816973,
1.831599,
1.824770,
1.831573,
1.827510,
1.818736,
1.754851,
1.805634,
1.815687,
1.771668,
1.781088,
1.776721,
1.683026,
1.731013,
1.713503,
1.654041,
1.703545,
1.673538,
1.667408,
1.655403,
1.646245,
1.630292,
1.649547,
1.599374,
1.590295,
1.623835,
1.615367,
1.609511,
1.597279,
1.587923,
1.554013,
1.585858,
1.572747,
1.560762,
1.560088,
1.548464,
1.519139,
1.536697,
1.567131,
1.513591,
1.481407,
1.525460,
1.480209,
1.493786,
1.472519,
1.491927,
1.495309,
1.484515,
1.467451,
1.461485,
1.478002,
1.449127,
1.457526,
1.450068,
1.420487,
1.446626,
1.483200,
1.419532,
1.449633,
1.446795,
1.436593,
1.410491,
1.395478,
1.412065,
1.406206,
1.414688,
1.414874,
1.420948,
1.381635,
1.404277,
1.409802,
1.382388,
1.380574,
1.396076,
1.361778,
1.384186,
1.373520,
1.375299,
1.365254,
1.390910,
1.354616,
1.353346,
1.328290,
1.356087,
1.335476,
1.350831,
1.378719,
1.333600,
1.336893,
1.342769,
1.330766,
1.324086,
1.336615,
1.339594,
1.336391,
1.311835,
1.336632,
1.318157,
1.306998,
1.348806,
1.325137,
1.314918,
1.319364,
1.306559,
1.305690,
1.294720,
1.284555,
1.300406,
1.294168,
1.279743,
1.281640,
1.294420,
1.290762,
1.305708,
1.295364,
1.281852,
1.283181,
1.279042,
1.282184,
1.291204,
1.263220,
1.270986,
1.290529,
1.298356,
1.281075,
1.263338,
1.262620,
1.258106,
1.270386,
1.258967,
1.277696,
1.274736,
1.238669,
1.265013,
1.254248,
1.242879,
1.245267,
1.248777,
1.237619,
1.248899,
1.249990,
1.260504,
1.230489,
1.254676,
1.227776,
1.233143,
1.238896,
1.217506,
1.238173,
1.239343,
1.234432,
1.246101,
1.240467,
1.223176,
1.230772,
1.241576,
1.234540,
1.224512,
1.239342,
1.224688,
1.234144,
1.217430,
1.217840,
1.220525,
1.222852,
1.219647,
1.215753,
1.206109,
1.228503,
1.212048,
1.202616,
1.198347,
1.221584,
1.198388,
1.217516,
1.205706,
1.208327,
1.210471,
1.206849,
1.200211,
1.196435,
1.210352,
1.196595,
1.219642,
1.195091,
1.188471,
1.190424,
1.205181,
1.211461,
1.192484,
1.194469,
1.188366,
1.190898,
1.212639,
1.208164,
1.193479,
1.201279,
1.179733,
1.189141,
1.196165,
1.194520,
1.185140,
1.181909,
1.178908,
1.181546,
1.176429,
1.171468,
1.179460,
1.197274,
1.175353,
1.178153,
1.175164,
1.170474,
1.177724,
1.182160,
1.185233,
1.175369,
1.182256,
1.168830,
1.171282,
1.166809,
1.179865,
1.168799,
1.161491,
1.173559,
1.169110,
1.159563,
1.169801,
1.160911,
1.157617,
1.161129,
1.161572,
1.165937,
1.160231,
1.151976,
1.146372,
1.160614,
1.152664,
1.167454,
1.158548,
1.152123,
1.156825,
1.159071,
1.157861,
1.158698,
1.152424,
1.146716,
1.146483,
1.164428,
1.164562,
1.156394,
1.147974,
1.156511,
1.156330,
1.152660,
1.161356,
1.151711,
1.144931,
1.150925,
1.152764,
1.154771,
1.147990,
1.141318,
1.150799,
1.147973,
1.140020,
1.158118,
1.140679,
1.147686,
1.140975,
1.145346,
1.142121,
1.133987,
1.155356,
1.154999,
1.144903,
1.142788,
1.145108,
1.130710,
1.136359,
1.133337,
1.140799,
1.151310,
1.134855,
1.136105,
1.129413,
1.141520,
1.141472,
1.138573,
1.132136,
1.134575,
1.138331,
1.140413,
1.134459,
1.138700,
1.142538,
1.124590,
1.136412,
1.122441,
1.135254,
1.123155,
1.136202,
1.132600,
1.127220,
1.134229,
1.129538,
1.128127,
1.124883,
1.121803,
1.117824,
1.135624,
1.118564,
1.129245,
1.119879,
1.119949,
1.129831,
1.128065,
1.126001,
1.126814,
1.130406,
1.127346,
1.119936,
1.108220,
1.116152,
1.125042,
1.126795,
1.119411,
1.119203,
1.127998,
1.115512,
1.123293,
1.107651,
1.129180,
1.114834,
1.129707,
1.128254,
1.115379,
1.125021,
1.127063,
1.120188,
1.111894,
1.117238,
1.119592,
1.118301,
1.105509,
1.112488,
1.121730,
1.117559,
1.116707,
1.114389,
1.117905,
1.108488,
1.115877,
1.119592,
1.114786,
1.101928,
1.113095,
1.120188,
1.105322,
1.114041,
1.117052,
1.108010,
1.109688,
1.112494,
1.112357,
1.107642,
1.096480,
1.106391,
1.109915,
1.108985,
1.117167,
1.097053,
1.105040,
1.113122,
1.112708,
1.105726,
1.098101,
1.107977,
1.107576,
1.112418,
1.105652,
1.103376,
1.107029,
1.110265,
1.101431,
1.108821,
1.103606,
1.103381,
1.111864,
1.107893,
1.110000,
1.107563,
1.102410,
1.098021,
1.091199,
1.104356,
1.095705,
1.100095,
1.100698,
1.099445,
1.100228,
1.101878,
1.091505,
1.100696,
1.111096,
1.113954,
1.099588,
1.106091,
1.093218,
1.098572,
1.092529,
1.099418,
1.104401,
1.090888,
1.103684,
1.089828,
1.093705,
1.097074,
1.090543,
1.099286,
1.099173,
1.100162,
1.087868,
1.111415,
1.090674,
1.095915,
1.090819,
1.094772,
1.099806,
1.086335,
1.080945,
1.087002,
1.106374,
1.093625,
1.101397,
1.088300,
1.098650,
1.092552,
1.091292,
1.092783,
1.093047,
1.089775,
1.093587,
1.096308,
1.082529,
1.094883,
1.089917,
1.093797,
1.092920,
1.081398,
1.089084,
1.087174,
1.087852,
1.093461,
1.085975,
1.085400,
1.082740,
1.085829,
1.090122,
1.078821,
1.094219,
1.095454,
1.086968,
1.084656,
1.094621,
1.084095,
1.085876,
1.095893,
1.084786,
1.084049,
1.081296,
1.081728,
1.089533,
1.089588,
1.086201,
1.076173,
1.081756,
1.085976,
1.084639,
1.082619,
1.086286,
1.085083,
1.080069,
1.089150,
1.083721,
1.084094,
1.076656,
1.083960,
1.086992,
1.084310,
1.095180,
1.082788,
1.088000,
1.079028,
1.082305,
1.076603,
1.088563,
1.083826,
1.077733,
1.077895,
1.080194,
1.074253,
1.080053,
1.080282,
1.077978,
1.073642,
1.079248,
1.082358,
1.082283,
1.083006,
1.081056,
1.086728,
1.080568,
1.082780,
1.082362,
1.074777,
1.084701,
1.078172,
1.072769,
1.084667,
1.080537,
1.076927,
1.077475,
1.075776,
1.073291,
1.082394,
1.082438,
1.080567,
1.077313,
1.082752,
1.077706,
1.076143,
1.074595,
1.080563,
1.074423,
1.079880,
1.073560,
1.074300,
1.080353,
1.083730,
1.079884,
1.076817,
1.071081,
1.068486,
1.082698,
1.079429,
1.080868,
1.071154,
1.078141,
1.076051,
1.077368,
1.074969,
1.074684,
1.070722,
1.076129,
1.083001,
1.081273,
1.064921,
1.074105,
1.075178,
1.074045,
1.072859,
1.069313,
1.079794,
1.083787,
1.077839,
1.070682,
1.071066,
1.074207,
1.077273,
1.078195,
1.076147,
1.071250,
1.072116,
1.072204,
1.073261,
1.066418,
1.076004,
1.067840,
1.071793,
1.071483,
1.069960,
1.070974,
1.065762,
1.068634,
1.070959,
1.072091,
1.074465,
1.068567,
1.076602,
1.072122,
1.062206,
1.062310,
1.076916,
1.071237,
1.057792,
1.073023,
1.074699,
1.066961,
1.064806,
1.065652,
1.072443,
1.075326,
1.073221,
1.067147,
1.066670,
1.075551,
1.072898,
1.073028,
1.076441,
1.070845,
1.068898,
1.069914,
1.066414,
1.066460,
1.063658,
1.061303,
1.069395,
1.065461,
1.065426,
1.067863,
1.058516,
1.062987,
1.058856,
1.067025,
1.071515,
1.076851,
1.070198,
1.066143,
1.063849,
1.064069,
1.066407,
1.060311,
1.063443,
1.062752,
1.070405,
1.065608,
1.069689,
1.061816,
1.056110,
1.065165,
1.067740,
1.067006,
1.057756,
1.066396,
1.060753,
1.064064,
1.060421,
1.057964,
1.066524,
1.062991,
1.067711,
1.059057,
1.066730,
1.063059,
1.057192,
1.063749,
1.062144,
1.062386,
1.064821,
1.065782,
1.063989,
1.063314,
1.058581,
1.058563,
1.063104,
1.063011,
1.063153,
1.056298,
1.057740,
1.061502,
1.062619,
1.063061,
1.062729,
1.059071,
1.059129,
1.067309,
1.063310,
1.059407,
1.062128,
1.060332,
1.061304,
1.062395,
1.062321,
1.065003,
1.060131,
1.065012,
1.063525,
1.055467,
1.057341,
1.063677,
1.060474,
1.059596,
1.063072,
1.056649,
1.055846,
1.057863,
1.057040,
1.058720,
1.057715,
1.069215,
1.056817,
1.055699,
1.061712,
1.057430,
1.056671,
1.061291,
1.054939,
1.058280,
1.056234,
1.058161,
1.057549,
1.062399,
1.063179,
1.053688,
1.061580,
1.057806,
1.057436,
1.057967,
1.051163,
1.055777,
1.061217,
1.062769,
1.056044,
1.069611,
1.059173,
1.055300,
1.065603,
1.052167,
1.052987,
1.056963,
1.057310,
1.057353,
1.059806,
1.058357,
1.052812,
1.054535,
1.060537,
1.061072,
1.061947,
1.060300,
1.054190,
1.053862,
1.059388,
1.052025,
1.055352,
1.057930,
1.055508,
1.052934,
1.055889,
1.056694,
1.057245,
1.052893,
1.056921,
1.055311,
1.054662,
1.053151,
1.049790,
1.054905,
1.059085,
1.060860,
1.053290,
1.054662,
1.055916,
1.053833,
1.056771,
1.052179,
1.052516,
1.051697,
1.056821,
1.051684,
1.055436,
1.051143,
1.048391,
1.050763,
1.057269,
1.053816,
1.051212,
1.055687,
1.053463,
1.051210,
1.062542,
1.052593,
1.050331,
1.058795,
1.063052,
1.052680,
1.057968,
1.055103,
1.053631,
1.052682,
1.054184,
1.053576,
1.050741,
1.052518,
1.053491,
1.052095,
1.049277,
1.047705,
1.049646,
1.052423,
1.052801,
1.052201,
1.050629,
1.054142,
1.054081,
1.055117,
1.050282,
1.055295,
1.049596,
1.046964,
1.052541,
1.055622,
1.051725,
1.045252,
1.048913,
1.049378,
1.051237,
1.049272,
1.055139,
1.049211,
1.049184,
1.055473,
1.052995,
1.046310,
1.052672,
1.048402,
1.047854,
1.052090,
1.050538,
1.055713,
1.051278,
1.051530,
1.049121,
1.046460,
1.054160,
1.044842,
1.047092,
1.050950,
1.052259,
1.046826,
1.048413,
1.049659,
1.048418,
1.054484,
1.051591,
1.052480,
1.053430,
1.050748,
1.048410,
1.047948,
1.044922,
1.044544,
1.046629,
1.048165,
1.053295,
1.049238,
1.050752,
1.048354,
1.052639,
1.045260,
1.046930,
1.049233,
1.050059,
1.049527,
1.045678,
1.045731,
1.050106,
1.046812,
1.042983,
1.047229,
1.047749,
1.046319,
1.047406,
1.051258,
1.048970,
1.048667,
1.045869,
1.048166,
1.050184,
1.044513,
1.045090,
1.051803,
1.046662,
1.045380,
1.040344,
1.045243,
1.046378,
1.045976,
1.042111,
1.047405,
1.048328,
1.052055,
1.044353,
1.043251,
1.046877,
1.047267,
1.049587,
1.045026,
1.043740,
1.051230,
1.048325,
1.044876,
1.046221,
1.048212,
1.040921,
1.039282,
1.047262,
1.046003,
1.046313,
1.046152,
1.041282,
1.045483,
1.045342,
1.047834,
1.048487,
1.047878,
1.046392,
1.050021,
1.040377,
1.045266,
1.043152,
1.050763,
1.045358,
1.047004,
1.043296,
1.037831,
1.042465,
1.040431,
1.046506,
1.047160,
1.042002,
1.046749,
1.045769,
1.044124,
1.045125,
1.042727,
1.042122,
1.043700,
1.043419,
1.048948,
1.042370,
1.041075,
1.042388,
1.047988,
1.040614,
1.044595,
1.045199,
1.044264,
1.040023,
1.042768,
1.043204,
1.048315,
1.044131,
1.042864,
1.045820,
1.041884,
1.042760,
1.048216,
1.039744,
1.040413,
1.038811,
1.036187,
1.046095,
1.040054,
1.051473,
1.044955,
1.043812,
1.042170,
1.037857,
1.038560,
1.045840,
1.039955,
1.042549,
1.047717,
1.042674,
1.040616,
1.037214,
1.044150,
1.038826,
1.038918,
1.048340,
1.039760,
1.035120,
1.042355,
1.042614,
1.042878,
1.042473,
1.043210,
1.038119,
1.041514,
1.040852,
1.042598,
1.044647,
1.042678,
1.041970,
1.039947,
1.042924,
1.044417,
1.044988,
1.046547,
1.045177,
1.041570,
1.039895,
1.041007,
1.041065,
1.037718,
1.044760,
1.042842,
1.035498,
1.035892,
1.041626,
1.044332,
1.043418,
1.035310,
1.037468,
1.038902,
1.040142,
1.040716,
1.041247,
1.036792,
1.040742,
1.043527,
1.037268,
1.040259,
1.041561,
1.043995,
1.040366,
1.043241,
1.037313,
1.043209,
1.045591,
1.040358,
1.035310,
1.039985,
1.040803,
1.042222,
1.043710,
1.040295,
1.040064,
1.046051,
1.039188,
1.041633,
1.040827,
1.037709,
1.040246,
1.038128,
1.039110,
1.036855,
1.040455,
1.046547,
1.037826,
1.039536,
1.038771,
1.039425,
1.039598,
1.040893,
1.038862,
1.041313,
1.036168,
1.037493,
1.034264,
1.037378,
1.038358,
1.038304,
1.034984,
1.032502,
1.042317,
1.038242,
1.037166,
1.036111,
1.036597,
1.039728,
1.035325,
1.038768,
1.043294,
1.042403,
1.036256,
1.038706,
1.038447,
1.040164,
1.036169,
1.043039,
1.031060,
1.043472,
1.039157,
1.035498,
1.037680,
1.037038,
1.037546,
1.037238,
1.035879,
1.040802,
1.038013,
1.039862,
1.041659,
1.036357,
1.035574,
1.037847,
1.038544,
1.036983,
1.039775,
1.044426,
1.040504,
1.035601,
1.035983,
1.036649,
1.035518,
1.037859,
1.034566,
1.035417,
1.034642,
1.037496,
1.037565,
1.032243,
1.036685,
1.040459,
1.032909,
1.038361,
1.038158,
1.037567,
1.037561,
1.033832,
1.032293,
1.038218,
1.035076,
1.040716,
1.035857,
1.037738,
1.033694,
1.039052,
1.037865,
1.037502,
1.034982,
1.034155,
1.039380,
1.035481,
1.032852,
1.033074,
1.036316,
1.038361,
1.037644,
1.039191,
1.033769,
1.038488,
1.033907,
1.032809,
1.034861,
1.035476,
1.033618,
1.037731,
1.034432,
1.038103,
1.037967,
1.035362,
1.030353,
1.040307,
1.036329,
1.037540,
1.032492,
1.031281,
1.037391,
1.032672,
1.032544,
1.038770,
1.033138,
1.037357,
1.032903,
1.036923,
1.037519,
1.040250,
1.034646,
1.030551,
1.032486,
1.034995,
1.034145,
1.037795,
1.036202,
1.041048,
1.032212,
1.031554,
1.036855,
1.037030,
1.037926,
1.032157,
1.033317,
1.037630,
1.037216,
1.031086,
1.036154,
1.032923,
1.035180,
1.038756,
1.036658,
1.036033,
1.038261,
1.035644,
1.035445,
1.030250,
1.033283,
1.031220,
1.032526,
1.029884,
1.030205,
1.037318,
1.030655,
1.037547,
1.033820,
1.032508,
1.034131,
1.030170,
1.034834,
1.037363,
1.035939,
1.033652,
1.032343,
1.034282,
1.034681,
1.031934,
1.035789,
1.036048,
1.035632,
1.036507,
1.034885,
1.031751,
1.033947,
1.038565,
1.029605,
1.037069,
1.032247,
1.034926,
1.036726,
1.035770,
1.031936,
1.034835,
1.030747,
1.031866,
1.039007,
1.035451,
1.028070,
1.034686,
1.029723,
1.031106,
1.037853,
1.032581,
1.032001,
1.032219,
1.032892,
1.034759,
1.034805,
1.033115,
1.033864,
1.035296,
1.029986,
1.035450,
1.034719,
1.032832,
1.037014,
1.034841,
1.032195,
1.034353,
1.034080,
1.028729,
1.031159,
1.034158,
1.035705,
1.031721,
1.034737,
1.032485,
1.033480,
1.032285,
1.032992,
1.035130,
1.037490,
1.035855,
1.032255,
1.032080,
1.035176,
1.035329,
1.030589,
1.036446,
1.029990,
1.033755,
1.034462,
1.035071,
1.031022,
1.033888,
1.035233,
1.034076,
1.035183,
1.029381,
1.034515,
1.031978,
1.032516,
1.032740,
1.029477,
1.032926,
1.033926,
1.032536,
1.032520,
1.031548,
1.034819,
1.034455,
1.035215,
1.031037,
1.034848,
1.033963,
1.030731,
1.037092,
1.030354,
1.032632,
1.034196,
1.033062,
1.033140,
1.036701,
1.039169,
1.028984,
1.032504,
1.033595,
1.034925,
1.032692,
1.028627,
1.032655,
1.035095,
1.030739,
1.030109,
1.035610,
1.031736,
1.030288,
1.042113,
1.029738,
1.033560,
1.028485,
1.030048,
1.029679,
1.031624,
1.034174,
1.030198,
1.033339,
1.028961,
1.027660,
1.029556,
1.029092,
1.029904,
1.029480,
1.026364,
1.036605,
1.027542,
1.031586,
1.030078,
1.027612,
1.029724,
1.035127,
1.030011,
1.028290,
1.030708,
1.026637,
1.030490,
1.035611,
1.030678,
1.031612,
1.035259,
1.032734,
1.032772,
1.026919,
1.026010,
1.030714,
1.027660,
1.031380,
1.030052,
1.036052,
1.030206,
1.027831,
1.028216,
1.028091,
1.027860,
1.029033,
1.032148,
1.031035,
1.031017,
1.032528,
1.030204,
1.033056,
1.029946,
1.029851,
1.030714,
1.029455,
1.030073,
1.030367,
1.032408,
1.028534,
1.033071,
1.032617,
1.034131,
1.027887,
1.026194,
1.029000,
1.031483,
1.026784,
1.031196,
1.026775,
1.027710,
1.028215,
1.028856,
1.033578,
1.029720,
1.030008,
1.031007,
1.029529,
1.030253,
1.029828,
1.027358,
1.027860,
1.032272,
1.034119,
1.027682,
1.029882,
1.031325,
1.026893,
1.028524,
1.028914,
1.028840,
1.027801,
1.030848,
1.027981,
1.030243,
1.025675,
1.031169,
1.029279,
1.027944,
1.029020,
1.025993,
1.023852,
1.027006,
1.029128,
1.028001,
1.028344,
1.028720,
1.026293,
1.027361,
1.031152,
1.029076,
1.029122,
1.028837,
1.027181,
1.030402,
1.028180,
1.034113,
1.025512,
1.031528,
1.032237,
1.030299,
1.028971,
1.028668,
1.031918,
1.028578,
1.029704,
1.027041,
1.024590,
1.025226,
1.028691,
1.032228,
1.027907,
1.027671,
1.029466,
1.029134,
1.028412,
1.027500,
1.027741,
1.026397,
1.024403,
1.027818,
1.029015,
1.028108,
1.032738,
1.030385,
1.030711,
1.024786,
1.028954,
1.026830,
1.026658,
1.031208,
1.027337,
1.026954,
1.025617,
1.026960,
1.027686,
1.027689,
1.028321,
1.031321,
1.031103,
1.026652,
1.028587,
1.028642,
1.030779,
1.028154,
1.030862,
1.027619,
1.029910,
1.029687,
1.025535,
1.026844,
1.030342,
1.026029,
1.028881,
1.026515,
1.025935,
1.025801,
1.024851,
1.028514,
1.027172,
1.026825,
1.029308,
1.027672,
1.028218,
1.025821,
1.028420,
1.027206,
1.028380,
1.027115,
1.029226,
1.025592,
1.028081,
1.026344,
1.025502,
1.029053,
1.029990,
1.031169,
1.028774,
1.023929,
1.027313,
1.027584,
1.023515,
1.029131,
1.026919,
1.028350,
1.022989,
1.028895,
1.023499,
1.025466,
1.024323,
1.027813,
1.025043,
1.027715,
1.028163,
1.024147,
1.026507,
1.030700,
1.026978,
1.020532,
1.028288,
1.023490,
1.025370,
1.026960,
1.026688,
1.025167,
1.024618,
1.028173,
1.026587,
1.026858,
1.025546,
1.026395,
1.029658,
1.027493,
1.024821,
1.029392,
1.027986,
1.024659,
1.028353,
1.028602,
1.027991,
1.027856,
1.028239,
1.026266,
1.029415,
1.026034,
1.026882,
1.025946,
1.027025,
1.027652,
1.024762,
1.022969,
1.025199,
1.025684,
1.022651,
1.028779,
1.031198,
1.022514,
1.025548,
1.027014,
1.028722,
1.027055,
1.023056,
1.026206,
1.025170,
1.025329,
1.024731,
1.027435,
1.026773,
1.028922,
1.026121,
1.022455,
1.029011,
1.022504,
1.029568,
1.024638,
1.027173,
1.022160,
1.023905,
1.025622,
1.028005,
1.029231,
1.027343,
1.027195,
1.023616,
1.027373,
1.025770,
1.028335,
1.024980,
1.023899,
1.024479,
1.024793,
1.024374,
1.026009,
1.027941,
1.025477,
1.027490,
1.028592,
1.028215,
1.025239,
1.022867,
1.025979,
1.026981,
1.024972,
1.025255,
1.027017,
1.024014,
1.024982,
1.022524,
1.027202,
1.027543,
1.026190,
1.025742,
1.024532,
1.026200,
1.027390,
1.029878,
1.027665,
1.021364,
1.022844,
1.023323,
1.025012,
1.022356,
1.024255,
1.025347,
1.026754,
1.024700,
1.026337,
1.025857,
1.026758,
1.023108,
1.026036,
1.026524,
1.023793,
1.022867,
1.022291,
1.025385,
1.028400,
1.023922,
1.022949,
1.024577,
1.024184,
1.025788,
1.023345,
1.024121,
1.023932,
1.030974,
1.024949,
1.027721,
1.022124,
1.024981,
1.023270,
1.024493,
1.027711,
1.024441,
1.024945,
1.021760,
1.024634,
1.023276,
1.028159,
1.022447,
1.025648,
1.019360,
1.024336,
1.027379,
1.021809,
1.022815,
1.020644,
1.026450,
1.027325,
1.021939,
1.026020,
1.023152,
1.022781,
1.024225,
1.025171,
1.023982,
1.025794,
1.020483,
1.025319,
1.029347,
1.029032,
1.025387,
1.023509,
1.021986,
1.024323,
1.026008,
1.024358,
1.024829,
1.025142,
1.023137,
1.023140,
1.023624,
1.025867,
1.026900,
1.026520,
1.024973,
1.022163,
1.019820,
1.025699,
1.020664,
1.021327,
1.021594,
1.028075,
1.020349,
1.026161,
1.020668,
1.023962,
1.023292,
1.029731,
1.021446,
1.023311,
1.025628,
1.022460,
1.021812,
1.023480,
1.026676,
1.022593,
1.025938,
1.023597,
1.024300,
1.028735,
1.025686,
1.026340,
1.024824,
1.026307,
1.022280,
1.025138,
1.023370,
1.023901,
1.024681,
1.021853,
1.021441,
1.023643,
1.024338,
1.026139,
1.027687,
1.022179,
1.023638,
1.028476,
1.021949,
1.021944,
1.022941,
1.024686,
1.022356,
1.027858,
1.021301,
1.022033,
1.026126,
1.023988,
1.021340,
1.028049,
1.023456,
1.021560,
1.020342,
1.021191,
1.022009,
1.021187,
1.021018,
1.028756,
1.020796,
1.024483,
1.021697,
1.022741,
1.025233,
1.025809,
1.019196,
1.023503,
1.021311,
1.023373,
1.022850,
1.022824,
1.023894,
1.025854,
1.022467,
1.022314,
1.020478,
1.021739,
1.020766,
1.021807,
1.024182,
1.026041,
1.025660,
1.019511,
1.022016,
1.024669,
1.023564,
1.023849,
1.024790,
1.025661,
1.022887,
1.022488,
1.024969,
1.025875,
1.021182,
1.021245,
1.020785,
1.022300,
1.021638,
1.020527,
1.019330,
1.024134,
1.024846,
1.024145,
1.023535,
1.022168,
1.025158,
1.025429,
1.022996,
1.020813,
1.020020,
1.025442,
1.024762,
1.024000,
1.020675,
1.021808,
1.020683,
1.021332,
1.022753,
1.021466,
1.021157,
1.023618,
1.024117,
1.022827,
1.022459,
1.024158,
1.023531,
1.019829,
1.023186,
1.020831,
1.022315,
1.024322,
1.023064,
1.019341,
1.020444,
1.024363,
1.024810,
1.019046,
1.020984,
1.027947,
1.019220,
1.022854,
1.018639,
1.021502,
1.021523,
1.027035,
1.022624,
1.022806,
1.020941,
1.023614,
1.022183,
1.023841,
1.019872,
1.022250,
1.024373,
1.021649,
1.025839,
1.021742,
1.019642,
1.021651,
1.021333,
1.021495,
1.021256,
1.024320,
1.024933,
1.021459,
1.023785,
1.023841,
1.023673,
1.023823,
1.025834,
1.021323,
1.019506,
1.023002,
1.019835,
1.022606,
1.021827,
1.021508,
1.020150,
1.021114,
1.020696,
1.020957,
1.021748,
1.023200,
1.023164,
1.023987,
1.017539,
1.022139,
1.022593,
1.023371,
1.019657,
1.017186,
1.022321,
1.023346,
1.024169,
1.023137,
1.017842,
1.019973,
1.022647,
1.024123,
1.018204,
1.018985,
1.023310,
1.021038,
1.022803,
1.022335,
1.020878,
1.022177,
1.022153,
1.020818,
1.021709,
1.019799,
1.020883,
1.024347,
1.022999,
1.024166,
1.020685,
1.019144,
1.017010,
1.021654,
1.027909,
1.023648,
1.019298,
1.022835,
1.023507,
1.020983,
1.018508,
1.018824,
1.023140,
1.019993,
1.023672,
1.023915,
1.023203,
1.019637,
1.021170,
1.022843,
1.023149,
1.020896,
1.022329,
1.020132,
1.021071,
1.017671,
1.021340,
1.019978,
1.023894,
1.023726,
1.022842,
1.017338,
1.021184,
1.020904,
1.024194,
1.016381,
1.020614,
1.017533,
1.020369,
