7.722756,
4.205613,
3.252570,
2.481701,
2.145482,
1.972756,
2.008800,
1.833356,
1.646432,
1.562968,
1.510873,
1.504710,
1.416890,
1.361463,
1.439133,
1.362135,
1.363039,
1.286897,
1.305638,
1.276974,
1.278808,
1.240576,
1.247096,
1.293843,
1.220843,
1.203713,
1.252082,
1.164227,
1.190945,
1.139973,
1.135793,
1.176167,
1.143579,
1.158090,
1.145509,
1.128791,
1.137169,
1.153830,
1.138049,
1.134156,
1.114358,
1.149706,
1.128634,
1.127595,
1.120868,
1.115264,
1.118673,
1.138452,
1.098217,
1.090235,
1.081333,
1.112345,
1.105769,
1.084772,
1.109870,
1.075285,
1.078433,
1.086725,
1.074275,
1.102506,
1.080653,
1.065008,
1.066224,
1.095006,
1.062455,
1.075383,
1.065046,
1.076634,
1.071077,
1.066625,
1.066208,
1.079905,
1.068814,
1.057616,
1.053535,
1.069388,
1.071298,
1.045287,
1.072575,
1.078098,
1.073834,
1.072357,
1.060996,
1.051953,
1.080039,
1.050625,
1.084489,
1.053701,
1.061912,
1.083832,
1.036934,
1.042720,
1.042378,
1.055136,
1.050686,
1.048059,
1.050786,
1.049506,
1.049356,
1.054145,
1.042455,
1.056359,
1.049271,
1.042396,
1.057865,
1.053723,
1.046320,
1.037309,
1.050702,
1.057030,
1.040469,
1.053804,
1.041191,
1.047234,
1.031619,
1.049448,
1.048328,
1.038234,
1.038613,
1.037081,
1.039678,
1.053487,
1.055269,
1.028704,
1.034192,
1.034314,
1.056465,
1.031506,
1.036848,
1.049926,
1.045488,
1.038063,
1.041273,
1.034133,
1.049297,
1.030089,
1.028840,
1.037282,
1.039653,
1.034269,
1.031361,
1.030203,
1.035635,
1.023412,
1.028841,
1.040087,
1.024800,
1.031446,
1.030116,
1.025029,
1.044935,
1.036791,
1.042664,
1.034266,
1.022030,
1.030170,
1.026151,
1.029196,
1.020768,
1.028785,
1.025989,
1.032856,
1.023443,
1.028981,
1.039589,
1.034160,
1.036966,
1.026114,
1.027974,
1.022085,
1.023304,
1.034301,
1.038549,
1.022015,
1.032916,
1.031554,
1.023577,
1.018151,
1.016767,
1.028759,
1.037396,
1.025989,
1.023439,
1.024686,
1.026215,
1.031614,
1.027346,
1.027527,
1.028786,
1.014163,
1.026016,
1.028871,
1.034104,
1.016821,
1.017040,
1.015438,
1.012996,
1.019550,
1.023551,
1.024688,
1.023467,
1.020726,
1.024824,
1.020785,
1.024688,
1.023359,
1.021975,
1.019591,
1.027484,
1.023412,
1.020728,
1.025989,
1.018151,
1.020673,
1.014216,
1.016956,
1.015465,
1.020781,
1.012887,
1.024741,
1.026016,
1.032862,
1.019465,
1.020892,
1.016906,
1.014548,
1.022057,
1.020728,
1.026100,
1.019439,
1.019452,
1.024660,
1.023467,
1.018122,
1.020781,
1.008981,
1.011612,
1.022056,
1.014271,
1.027318,
1.022138,
1.019478,
1.020781,
1.028927,
1.016794,
1.019424,
1.015604,
1.019842,
1.019412,
1.021033,
1.019452,
1.023385,
1.020781,
1.016875,
1.024772,
1.020892,
1.018177,
1.011586,
1.016767,
1.019671,
1.011586,
1.023359,
1.023443,
1.019398,
1.016820,
1.019507,
1.019561,
1.014123,
1.018190,
1.022070,
1.020825,
1.015411,
1.006404,
1.015641,
1.023359,
1.011639,
1.012834,
1.016767,
1.019644,
1.010284,
1.019426,
1.024688,
1.012861,
1.015492,
1.026126,
1.016821,
1.015573,
1.022083,
1.010310,
1.009035,
1.018285,
1.016822,
1.016849,
1.006457,
1.012941,
1.028787,
1.016794,
1.019587,
1.016849,
1.016794,
1.011641,
1.016848,
1.017167,
1.016767,
1.010310,
1.015465,
1.015411,
1.007679,
1.014270,
1.011558,
1.012954,
1.014311,
1.014189,
1.018069,
1.022222,
1.014163,
1.011665,
1.010257,
1.011612,
1.015573,
1.023359,
1.015518,
1.012943,
1.015744,
1.009007,
1.006430,
1.009008,
1.020753,
1.008955,
1.015478,
1.008981,
1.012969,
1.014137,
1.014189,
1.011639,
1.011532,
1.007706,
1.019424,
1.011639,
1.005102,
1.011558,
1.007653,
1.008955,
1.016849,
1.003853,
1.013106,
1.015573,
1.012834,
1.014271,
1.018261,
1.012861,
1.010336,
1.003853,
1.007679,
1.007679,
1.014189,
1.020836,
1.016794,
1.008929,
1.018068,
1.018069,
1.011586,
1.018042,
1.010284,
1.016767,
1.018204,
1.007733,
1.012887,
1.012914,
1.009090,
1.014229,
1.016875,
1.007679,
1.005128,
1.018177,
1.014163,
1.007679,
1.012834,
1.018151,
1.014271,
1.015465,
1.015438,
1.003827,
1.010283,
1.018095,
1.015492,
1.008981,
1.008981,
1.007679,
1.009007,
1.011586,
1.015518,
1.009035,
1.016820,
1.019480,
1.008929,
1.018235,
1.008955,
1.007653,
1.012969,
1.012887,
1.010230,
1.007679,
1.010284,
1.005115,
1.014243,
1.015465,
1.005102,
1.007733,
1.012941,
1.010336,
1.007706,
1.022193,
1.008981,
1.014136,
1.023385,
1.007706,
1.006457,
1.007759,
1.007679,
1.003853,
1.011586,
1.005155,
1.008981,
1.014298,
1.007759,
1.011558,
1.005128,
1.014137,
1.012887,
1.010310,
1.011667,
1.016794,
1.011532,
1.009088,
1.011665,
1.006378,
1.007693,
1.007732,
1.010257,
1.011667,
1.008955,
1.015531,
1.008955,
1.011641,
1.006404,
1.007679,
1.006457,
1.005128,
1.007679,
1.006378,
1.014189,
1.016739,
1.007706,
1.016873,
1.005128,
1.011667,
1.010310,
1.006404,
1.008981,
1.006378,
1.010310,
1.008929,
1.007679,
1.006404,
1.016875,
1.011558,
1.011586,
1.007679,
1.010310,
1.012808,
1.015546,
1.015518,
1.015600,
1.016794,
1.012887,
1.012861,
1.007679,
1.010391,
1.006457,
1.011585,
1.014271,
1.010310,
1.006404,
1.008955,
1.003827,
1.007679,
1.006430,
1.005102,
1.006404,
1.010257,
1.011532,
1.012887,
1.007733,
1.011558,
1.011558,
1.005102,
1.007653,
1.007679,
1.006457,
1.008981,
1.014328,
1.006430,
1.007706,
1.008981,
1.010310,
1.011612,
1.010336,
1.012914,
1.007653,
1.011641,
1.014216,
1.009007,
1.023550,
1.012887,
1.008968,
1.009007,
1.003827,
1.009088,
1.010283,
1.011586,
1.005155,
1.010283,
1.012860,
1.010230,
1.003840,
1.007693,
1.015544,
1.009035,
1.008981,
1.007733,
1.010310,
1.010378,
1.003827,
1.011667,
1.010310,
1.007706,
1.009090,
1.011586,
1.007679,
1.011586,
1.003827,
1.006430,
1.012834,
1.012834,
1.011532,
1.009007,
1.011667,
1.003827,
1.005128,
1.009035,
1.011612,
1.006404,
1.003827,
1.006404,
1.006378,
1.006404,
1.011559,
1.009007,
1.005128,
1.003827,
1.007693,
1.007679,
1.008955,
1.012916,
1.010418,
1.011586,
1.011558,
1.006404,
1.014218,
1.010364,
1.008955,
1.006457,
1.014216,
1.012969,
1.006404,
1.007653,
1.007679,
1.010230,
1.011586,
1.009035,
1.018410,
1.008955,
1.005128,
1.006391,
1.012834,
1.007706,
1.002604,
1.006378,
1.006404,
1.007706,
1.005102,
1.011558,
1.005128,
1.006378,
1.011599,
1.006378,
1.008929,
1.011586,
1.007679,
1.003853,
1.006404,
1.007706,
1.002551,
1.011639,
1.006378,
1.009200,
1.007706,
1.011506,
1.009008,
1.006457,
1.008981,
1.005128,
1.003906,
1.008981,
1.005102,
1.006498,
1.006404,
1.010270,
1.005155,
1.003827,
1.007759,
1.007679,
1.005102,
1.009090,
1.005128,
1.006404,
1.007706,
1.010365,
1.007679,
1.014216,
1.008981,
1.007733,
1.003827,
1.009008,
1.005102,
1.003827,
1.007679,
1.011532,
1.005102,
1.011612,
1.007679,
1.003853,
1.006404,
1.010257,
1.006457,
1.008981,
1.010270,
1.001276,
1.007706,
1.006404,
1.006378,
1.007706,
1.010284,
1.011612,
1.006404,
1.010283,
1.003853,
1.011665,
1.007679,
1.010284,
1.009008,
1.007679,
1.008981,
1.005102,
1.005102,
1.010365,
1.006539,
1.006404,
1.005102,
1.005155,
1.003827,
1.003827,
1.002577,
1.005102,
1.007706,
1.016905,
1.005128,
1.010364,
1.003853,
1.003853,
1.005102,
1.003853,
1.005102,
1.012887,
1.003827,
1.012887,
1.006404,
1.006430,
1.014189,
1.005102,
1.007679,
1.007706,
1.008994,
1.009007,
1.010310,
1.002551,
1.006457,
1.008981,
1.014163,
1.003827,
1.011612,
1.007653,
1.005128,
1.010336,
1.005102,
1.003827,
1.007706,
1.001276,
1.003827,
1.005102,
1.003853,
1.014110,
1.007733,
1.002551,
1.007679,
1.001276,
1.006404,
1.002577,
1.005102,
1.005128,
1.003853,
1.001276,
1.005102,
1.005128,
1.010284,
1.005128,
1.006378,
1.007706,
1.002551,
1.008981,
1.005128,
1.003827,
1.005182,
1.006404,
1.010336,
1.009035,
1.003827,
1.010310,
1.003827,
1.002551,
1.007706,
1.006404,
1.003853,
1.005102,
1.005128,
1.001276,
1.007706,
1.007706,
1.007706,
1.003827,
1.003827,
1.006404,
1.003853,
1.003827,
1.006404,
1.003827,
1.005102,
1.005102,
1.010283,
1.007679,
1.010257,
1.005102,
1.006430,
1.005128,
1.007706,
1.006404,
1.002551,
1.011612,
1.005102,
1.010309,
1.005182,
1.008981,
1.002577,
1.003827,
1.005128,
1.007706,
1.008981,
1.010310,
1.007679,
1.002551,
1.006404,
1.006404,
1.010257,
1.003853,
1.001276,
1.002551,
1.003827,
1.008955,
1.006404,
1.003853,
1.003853,
1.006404,
1.002551,
1.010310,
1.002551,
1.002551,
1.011586,
1.003827,
1.003827,
1.003853,
1.006404,
1.014218,
1.002551,
1.011667,
1.003853,
1.005102,
1.005128,
1.003827,
1.003853,
1.002551,
1.005102,
1.006430,
1.003827,
1.005128,
1.000000,
1.007679,
1.003853,
1.005128,
1.009007,
1.005128,
1.007706,
1.007679,
1.002551,
1.010310,
1.002551,
1.003827,
1.001276,
1.010310,
1.006484,
1.010283,
1.005115,
1.003853,
1.005102,
1.001276,
1.005128,
1.006404,
1.007759,
1.000000,
1.002551,
1.010336,
1.007679,
1.003827,
1.001276,
1.001276,
1.005102,
1.007706,
1.007759,
1.008955,
1.002551,
1.005128,
1.009007,
1.008955,
1.006430,
1.006430,
1.006404,
1.009035,
1.003853,
1.005102,
1.005128,
1.003906,
1.002551,
1.007679,
1.006404,
1.003827,
1.001276,
1.005128,
1.006404,
1.006404,
1.002551,
1.005102,
1.007706,
1.010310,
1.006378,
1.003853,
1.003827,
1.006378,
1.006404,
1.006404,
1.003853,
1.002577,
1.002577,
1.005102,
1.003827,
1.006404,
1.002577,
1.006430,
1.003853,
1.002551,
1.003827,
1.005128,
1.003853,
1.003827,
1.006404,
1.006457,
1.001289,
1.005128,
1.006404,
1.003853,
1.003827,
1.005102,
1.002577,
1.003827,
1.006539,
1.003853,
1.010257,
1.012967,
1.002551,
1.006430,
1.007706,
1.006404,
1.007679,
1.006404,
1.005128,
1.003853,
1.001276,
1.005102,
1.006430,
1.005128,
1.006404,
1.003853,
1.001276,
1.010391,
1.011586,
1.005128,
1.006404,
1.002551,
1.007733,
1.003827,
1.006404,
1.011665,
1.006378,
1.010257,
1.002551,
1.003827,
1.005128,
1.003827,
1.001276,
1.008955,
1.002551,
1.007653,
1.010310,
1.002551,
1.005102,
1.007733,
1.005128,
1.003827,
1.002551,
1.003827,
1.003827,
1.002551,
1.005128,
1.009035,
1.002551,
1.005128,
1.006430,
1.002551,
1.005102,
1.002551,
1.006539,
1.006404,
1.003853,
1.006378,
1.002551,
1.002551,
1.005128,
1.000000,
1.006430,
1.002551,
1.008981,
1.001276,
1.003827,
1.002551,
1.003853,
1.002551,
1.001276,
1.006378,
1.007679,
1.003827,
1.003827,
1.005102,
1.003827,
1.002551,
1.001276,
1.002551,
1.005128,
1.010283,
1.005102,
1.005128,
1.008955,
1.008955,
1.003853,
1.005155,
1.005128,
1.002551,
1.010391,
1.005182,
1.002551,
1.007706,
1.005102,
1.000000,
1.009035,
1.005182,
1.005102,
1.001276,
1.002577,
1.006404,
1.005182,
1.001276,
1.005128,
1.006404,
1.007706,
1.005128,
1.002551,
1.003827,
1.002551,
1.005102,
1.001276,
1.007732,
1.003827,
1.005102,
1.002551,
1.006404,
1.002551,
1.002551,
1.005102,
1.003827,
1.002551,
1.005102,
1.006378,
1.003827,
1.003853,
1.007759,
1.007774,
1.001276,
1.003827,
1.005128,
1.003906,
1.007653,
1.001276,
1.003853,
1.003827,
1.001276,
1.003827,
1.003827,
1.006378,
1.003827,
1.007679,
1.003827,
1.005128,
1.003853,
1.002577,
1.003827,
1.006430,
1.003827,
1.002551,
1.002551,
1.007733,
1.002551,
1.003827,
1.006378,
1.000000,
1.008929,
1.005128,
1.002551,
1.007814,
1.005182,
1.001276,
1.007706,
1.007706,
1.007679,
1.007706,
1.009035,
1.001276,
1.002551,
1.002577,
1.002551,
1.006404,
1.005128,
1.007679,
1.005102,
1.001276,
1.001276,
1.006378,
1.003827,
1.006378,
1.005128,
1.003827,
1.000000,
1.006404,
1.006404,
1.006430,
1.001276,
1.006457,
1.003827,
1.005128,
1.002551,
1.005102,
1.005128,
1.003827,
1.001276,
1.003827,
1.001276,
1.003827,
1.005128,
1.005102,
1.001276,
1.003827,
1.008955,
1.007679,
1.010230,
1.006404,
1.007679,
1.002551,
1.002551,
1.005102,
1.001276,
1.002551,
1.005102,
1.001276,
1.002551,
1.005128,
1.001276,
1.002551,
1.003827,
1.002551,
1.003827,
1.005102,
1.002551,
1.009007,
1.005128,
1.007733,
1.003853,
1.000000,
1.003827,
1.000000,
1.001276,
1.006430,
1.002551,
1.003853,
1.006404,
1.007746,
1.001276,
1.003827,
1.003827,
1.007706,
1.002551,
1.005128,
1.002551,
1.007679,
1.003827,
1.002551,
1.005102,
1.003853,
1.002551,
1.007679,
1.006404,
1.001276,
1.001276,
1.005128,
1.005128,
1.008955,
1.000000,
1.002551,
1.002551,
1.002551,
1.006378,
1.007759,
1.001276,
1.003827,
1.006404,
1.007706,
1.003827,
1.003853,
1.005128,
1.005155,
1.005128,
1.001276,
1.001276,
1.005102,
1.006404,
1.002551,
1.000000,
1.007732,
1.006378,
1.002551,
1.003827,
1.003853,
1.001276,
1.003827,
1.002551,
1.000000,
1.003827,
1.003827,
1.002551,
1.005102,
1.002551,
1.007706,
1.007679,
1.003853,
1.002551,
1.002551,
1.005128,
1.002551,
1.001276,
1.003853,
1.005102,
1.001276,
1.002551,
1.001276,
1.005102,
1.001276,
1.002577,
1.002551,
1.001276,
1.006378,
1.001276,
1.005102,
1.001276,
1.006430,
1.002577,
1.005128,
1.002551,
1.002551,
1.006378,
1.005102,
1.001276,
1.002551,
1.006378,
1.003827,
1.001276,
1.000000,
1.003853,
1.002551,
1.001276,
1.001276,
1.007706,
1.002551,
1.005128,
1.005102,
1.009008,
1.003853,
1.000000,
1.002551,
1.005141,
1.005102,
1.007759,
1.002564,
1.001276,
1.003827,
1.005128,
1.007706,
1.007706,
1.005128,
1.001276,
1.002551,
1.003827,
1.003853,
1.002551,
1.001276,
1.003827,
1.002577,
1.003827,
1.003827,
1.003827,
1.003827,
1.003853,
1.005128,
1.005128,
1.005102,
1.006378,
1.006404,
1.006404,
1.002551,
1.009008,
1.005128,
1.003853,
1.002551,
1.003853,
1.003853,
1.006404,
1.005128,
1.001276,
1.002551,
1.002551,
1.001276,
1.003827,
1.006404,
1.002551,
1.001276,
1.002551,
1.003853,
1.003827,
1.001276,
1.001276,
1.003827,
1.002551,
1.001276,
1.007679,
1.005102,
1.000000,
1.001276,
1.001276,
1.003853,
1.001276,
1.005102,
1.007653,
1.006391,
1.002551,
1.002551,
1.001276,
1.002551,
1.005128,
1.002577,
1.002551,
1.002551,
1.007653,
1.005102,
1.000000,
1.002551,
1.001276,
1.003827,
1.001276,
1.006417,
1.003853,
1.001276,
1.002551,
1.006378,
1.005102,
1.003853,
1.005102,
1.002551,
1.006404,
1.003853,
1.002551,
1.002577,
1.001276,
1.002551,
1.002551,
1.002551,
1.002551,
1.001276,
1.001276,
1.005128,
1.003827,
1.001276,
1.003827,
1.002551,
1.006404,
1.002577,
1.005182,
1.002551,
1.001276,
1.003827,
1.006404,
1.002551,
1.005128,
1.006404,
1.003827,
1.001276,
1.005128,
1.005128,
1.000000,
1.001276,
1.001276,
1.003827,
1.001276,
1.003827,
1.006457,
1.002551,
1.005128,
1.009035,
1.003827,
1.002551,
1.006457,
1.005102,
1.003827,
1.003827,
1.006457,
1.005102,
1.002551,
1.002551,
1.001276,
1.000000,
1.005102,
1.002551,
1.000000,
1.001276,
1.006378,
1.001276,
1.001276,
1.001276,
1.002551,
1.001276,
1.001276,
1.000000,
1.001276,
1.003853,
1.002577,
1.000000,
1.003853,
1.003853,
1.003827,
1.003853,
1.003827,
1.006404,
1.007706,
1.002551,
1.003853,
1.003853,
1.001276,
1.000000,
1.003853,
1.003853,
1.009007,
1.002564,
1.005102,
1.003827,
1.003853,
1.001276,
1.003853,
1.007679,
1.003827,
1.002551,
1.001276,
1.003827,
1.002551,
1.001276,
1.003853,
1.003827,
1.003827,
1.005128,
1.002551,
1.002551,
1.005102,
1.005102,
1.001276,
1.005102,
1.002551,
1.000000,
1.002551,
1.003827,
1.002551,
1.003853,
1.003827,
1.003853,
1.002551,
1.006457,
1.005128,
1.003827,
1.001276,
1.001276,
1.006457,
1.000000,
1.005128,
1.002551,
1.001276,
1.005128,
1.002551,
1.008981,
1.000000,
1.005128,
1.000000,
1.005128,
1.003827,
1.001276,
1.003827,
1.002551,
1.003853,
1.000000,
1.002577,
1.006404,
1.001276,
1.005128,
1.002551,
1.001276,
1.003827,
1.002551,
1.001276,
1.001276,
1.002551,
1.001276,
1.002551,
1.001276,
1.003827,
1.002551,
1.002551,
1.000000,
1.001276,
1.002551,
1.003853,
1.003827,
1.003827,
1.005128,
1.005128,
1.007706,
1.002551,
1.005102,
1.002551,
1.001276,
1.006404,
1.001276,
1.002577,
1.002551,
1.006404,
1.002551,
1.003827,
1.001276,
1.001276,
1.002577,
1.001276,
1.002564,
1.001276,
1.002551,
1.001276,
1.006404,
1.002551,
1.002551,
1.000000,
1.000000,
1.001276,
1.001276,
1.005128,
1.005102,
1.003827,
1.001276,
1.006430,
1.002577,
1.002551,
1.005128,
1.002551,
1.001276,
1.002551,
1.001276,
1.002551,
1.002551,
1.002551,
1.002551,
1.002551,
1.003906,
1.001276,
1.001276,
1.002551,
1.001276,
1.001276,
1.002551,
1.000000,
1.003827,
1.000000,
1.002551,
1.003853,
1.002551,
1.002551,
1.002551,
1.002551,
1.003827,
1.007653,
1.002551,
1.000000,
1.002551,
1.003827,
1.005128,
1.005128,
1.003827,
1.005102,
1.002551,
1.003827,
1.003827,
1.003827,
1.002551,
1.001276,
1.005128,
1.002577,
1.003827,
1.005102,
1.002551,
1.002551,
1.002551,
1.002577,
1.001276,
1.001276,
1.001276,
1.000000,
1.002551,
1.000000,
1.003827,
1.000000,
1.001276,
1.003827,
1.005102,
1.001276,
1.001276,
1.005128,
1.001276,
1.000000,
1.000000,
1.001276,
1.002551,
1.002551,
1.001276,
1.003827,
1.001276,
1.003827,
1.003827,
1.003827,
1.003853,
1.003827,
1.001276,
1.001276,
1.003827,
1.006404,
1.003827,
1.000000,
1.002551,
1.002551,
1.001276,
1.003827,
1.006457,
1.003827,
1.002551,
1.003827,
1.005128,
1.006404,
1.002551,
1.001276,
1.001276,
1.001276,
1.002551,
1.001276,
1.003853,
1.002577,
1.002551,
1.005102,
1.003827,
1.001276,
1.005128,
1.002551,
1.001276,
1.005182,
1.003827,
1.001276,
1.003827,
1.001276,
1.003827,
1.003827,
1.001289,
1.006378,
1.002551,
1.005102,
1.001276,
1.001276,
1.001276,
1.002551,
1.001276,
1.002551,
1.002551,
1.006404,
1.003827,
1.000000,
1.006404,
1.007706,
1.001276,
1.000000,
1.003827,
1.003827,
1.005102,
1.001276,
1.005155,
1.003827,
1.001276,
1.002551,
1.003853,
1.006404,
1.001276,
1.001276,
1.002551,
1.002551,
1.002551,
1.003827,
1.003827,
1.001276,
1.006430,
1.001276,
1.006457,
1.001276,
1.001276,
1.003827,
1.003853,
1.005102,
1.003827,
1.001276,
1.003827,
1.002551,
1.005102,
1.003827,
1.001276,
1.002551,
1.002551,
1.003827,
1.002551,
1.001276,
1.001276,
1.003827,
1.002551,
1.007679,
1.002551,
1.003853,
1.000000,
1.000000,
1.003827,
1.002577,
1.000000,
1.005102,
1.003827,
1.003827,
1.001276,
1.001276,
1.006404,
1.002551,
1.000000,
1.001276,
1.000000,
1.001276,
1.003827,
1.002551,
1.001276,
1.005102,
1.003827,
1.002551,
1.000000,
1.003853,
1.001276,
1.001276,
1.003827,
1.003827,
1.001276,
1.000000,
1.003853,
1.001276,
1.002551,
1.003853,
1.003827,
1.002551,
1.000000,
1.003853,
1.003853,
1.002551,
1.003827,
1.003853,
1.000000,
1.001276,
1.000000,
1.002577,
1.001276,
1.001276,
1.005182,
1.002551,
1.002577,
1.000000,
1.003827,
1.002551,
1.002551,
1.001276,
1.001276,
1.001276,
1.000000,
1.002551,
1.000000,
1.003827,
1.001276,
1.005102,
1.003827,
1.000000,
1.005128,
1.003853,
1.003853,
1.002551,
1.003827,
1.000000,
1.000000,
1.005102,
1.001276,
1.005128,
1.007679,
1.000000,
1.006404,
1.002551,
1.002551,
1.003827,
1.002551,
1.000000,
1.000000,
1.001276,
1.001276,
1.001276,
1.003827,
1.002551,
1.002551,
1.005102,
1.001276,
1.005102,
1.002551,
1.001276,
1.001276,
1.003827,
1.003827,
1.002551,
1.003827,
1.000000,
1.006430,
1.003827,
1.003827,
1.000000,
1.000000,
1.001276,
1.003827,
1.001276,
1.002551,
1.001276,
1.002577,
1.002551,
1.009007,
1.002551,
1.005182,
1.000000,
1.002551,
1.001276,
1.001276,
1.000000,
1.009007,
1.001276,
1.005128,
1.001276,
1.002551,
1.006430,
1.001276,
1.002551,
1.002551,
1.006457,
1.000000,
1.001276,
1.003827,
1.006404,
1.001276,
1.003827,
1.002551,
1.000000,
1.003827,
1.001276,
1.002551,
1.002551,
1.001276,
1.002551,
1.002551,
1.001276,
1.001276,
1.003827,
1.001276,
1.002551,
1.002577,
1.002551,
1.001276,
1.001276,
1.001276,
1.003827,
1.000000,
1.000000,
1.001276,
1.002551,
1.000000,
1.000000,
1.001276,
1.003827,
1.000000,
1.001276,
1.002551,
1.005102,
1.002577,
1.001276,
1.002551,
1.005102,
1.001276,
1.001276,
1.001276,
1.006404,
1.002551,
1.003853,
1.002551,
1.003827,
1.002551,
1.002551,
1.003853,
1.005128,
1.002551,
1.001276,
1.001276,
1.002551,
1.002551,
1.005102,
1.001276,
1.000000,
1.003827,
1.003827,
1.001276,
1.001276,
1.002551,
1.002551,
1.003853,
1.005102,
1.002551,
1.005102,
1.003827,
1.003827,
1.001276,
1.003827,
1.001276,
1.002551,
1.003827,
1.001276,
1.000000,
1.002551,
1.001276,
1.002551,
1.000000,
1.001276,
1.002551,
1.001276,
1.005102,
1.005128,
1.003853,
1.003827,
1.001276,
1.001276,
1.001276,
1.000000,
1.003827,
1.001276,
1.001276,
1.001276,
1.001276,
1.002551,
1.000000,
1.003827,
1.001276,
1.000000,
1.000000,
1.001276,
1.002551,
1.001276,
1.005128,
1.000000,
1.001276,
1.001276,
1.002551,
1.000000,
1.000000,
1.001276,
1.002577,
1.002551,
1.000000,
1.003827,
1.001276,
1.000000,
1.001276,
1.000000,
1.000000,
1.002577,
1.002551,
1.002551,
1.000000,
1.001276,
1.005182,
1.002551,
1.001276,
1.000000,
1.001276,
1.003827,
1.001276,
1.001276,
1.003827,
1.003827,
1.002551,
1.002577,
1.002551,
1.000000,
1.007732,
1.005128,
1.006404,
1.001276,
1.005128,
1.000000,
1.000000,
1.000000,
1.001276,
1.003827,
1.003827,
1.003827,
1.002551,
1.001276,
1.005102,
1.002551,
1.001276,
1.003853,
1.002551,
1.007679,
1.001276,
1.001276,
1.002551,
1.000000,
1.001276,
1.002551,
1.006430,
1.001276,
1.002551,
1.001276,
1.000000,
1.001276,
1.001276,
1.000000,
1.003853,
1.005128,
1.001276,
1.002551,
1.000000,
1.001276,
1.003853,
1.002551,
1.005102,
1.001276,
1.002551,
1.003827,
1.003853,
1.000000,
1.005128,
1.003827,
1.001276,
1.002551,
1.001276,
1.006404,
1.000000,
1.000000,
1.001276,
1.000000,
1.000000,
1.002551,
1.003827,
1.002551,
1.002577,
