12.250000,
7.375000,
5.137054,
3.250000,
3.465179,
3.177604,
2.788001,
2.316369,
2.279167,
2.576204,
2.691070,
2.436914,
2.135051,
2.261706,
1.785710,
1.959225,
1.768750,
1.755799,
1.936221,
1.707064,
1.458175,
1.281250,
1.654108,
1.528789,
1.390625,
1.535369,
1.530968,
1.401921,
1.603550,
1.455978,
1.187500,
1.187500,
1.551816,
1.387835,
1.308006,
1.308724,
1.348747,
1.425057,
1.484648,
1.187500,
1.125000,
1.218750,
1.125000,
1.293899,
1.513794,
1.125000,
1.317747,
1.325405,
1.125000,
1.220352,
1.160385,
1.201785,
1.177083,
1.229259,
1.217097,
1.199896,
1.194792,
1.000000,
1.093750,
1.131802,
1.177033,
1.114482,
1.212868,
1.000000,
1.125000,
1.062500,
1.168916,
1.000000,
1.143802,
1.000000,
1.125000,
1.125000,
1.000000,
1.140583,
1.235675,
1.181013,
1.000000,
1.189715,
1.128879,
1.072917,
1.166818,
1.125000,
1.135743,
1.000000,
1.074337,
1.125000,
1.108333,
1.109803,
1.127421,
1.000000,
1.132669,
1.067992,
1.118802,
1.130221,
1.125000,
1.133765,
1.062500,
1.125000,
1.131250,
1.062500,
1.062500,
1.111293,
1.083333,
1.062500,
1.062500,
1.000000,
1.118715,
1.125000,
1.000000,
1.074132,
1.000000,
1.102381,
1.000000,
1.066964,
1.125000,
1.000000,
1.000000,
1.095364,
1.000000,
1.085564,
1.071181,
1.000000,
1.000000,
1.062500,
1.125000,
1.000000,
1.057292,
1.062500,
1.000000,
1.069672,
1.062500,
1.080072,
1.000000,
1.062500,
1.000000,
1.086753,
1.110559,
1.000000,
1.062500,
1.070122,
1.099089,
1.062500,
1.065216,
1.062500,
1.065614,
1.065419,
1.000000,
1.000000,
1.045496,
1.145833,
1.000000,
1.065972,
1.068750,
1.062500,
1.000000,
1.000000,
1.000000,
1.000000,
1.062500,
1.057012,
1.062500,
1.056548,
1.000000,
1.125000,
1.000000,
1.000000,
1.070472,
1.000000,
1.000000,
1.000000,
1.062500,
1.062500,
1.062500,
1.057841,
1.000000,
1.000000,
1.000000,
1.000000,
1.062068,
1.000000,
1.000000,
1.065972,
1.000000,
1.062500,
1.062500,
1.000000,
1.062774,
1.000000,
1.000000,
1.000000,
1.048947,
1.000000,
1.000000,
1.046832,
1.000000,
1.062500,
1.000000,
1.000000,
1.000000,
1.000000,
1.000000,
1.066667,
1.000000,
1.000000,
1.000000,
1.000000,
1.000000,
1.000000,
1.000000,
1.064732,
1.000000,
1.000000,
1.062500,
1.000000,
1.039561,
1.000000,
1.059091,
1.000000,
1.062500,
1.000000,
1.062500,
1.000000,
1.000000,
1.000000,
1.000000,
1.062500,
1.031250,
1.000000,
1.062500,
1.000000,
1.000000,
1.000000,
1.042561,
1.061502,
1.000000,
1.000000,
1.054545,
1.000000,
1.062500,
1.000000,
1.000000,
1.000000,
1.062500,
1.062500,
1.000000,
1.000000,
1.000000,
1.000000,
1.000000,
1.062500,
1.035991,
1.000000,
1.000000,
1.030777,
1.000000,
1.000000,
1.000000,
1.056250,
1.000000,
1.062500,
1.062500,
1.000000,
1.000000,
1.062976,
1.054545,
1.062500,
1.000000,
1.000000,
1.062500,
1.000000,
1.000000,
1.000000,
1.036592,
1.032930,
1.048152,
1.028131,
1.000000,
1.000000,
1.000000,
1.000000,
1.000000,
1.000000,
1.000000,
1.045052,
1.000000,
1.000000,
1.000000,
1.000000,
1.000000,
1.000000,
1.000000,
1.030691,
1.000000,
1.000000,
1.000000,
1.000000,
1.024762,
1.054487,
1.000000,
1.000000,
1.000000,
1.000000,
1.062500,
1.000000,
1.000000,
1.000000,
1.062500,
1.000000,
1.062500,
1.000000,
1.000000,
1.000000,
1.000000,
1.000000,
1.027390,
1.026238,
1.000000,
1.028590,
1.000000,
1.000000,
1.000000,
1.000000,
1.000000,
1.000000,
1.000000,
1.000000,
1.000000,
1.000000,
1.000000,
1.062500,
1.000000,
1.000000,
1.000000,
1.000000,
1.000000,
1.000000,
1.000000,
1.000000,
1.000000,
1.000000,
1.000000,
1.000000,
1.000000,
1.000000,
1.000000,
1.000000,
1.000000,
1.000000,
1.000000,
1.000000,
1.000000,
1.000000,
1.000000,
1.000000,
1.000000,
1.000000,
1.058523,
1.000000,
1.023676,
1.000000,
1.000000,
1.000000,
1.000000,
1.020287,
1.000000,
1.024454,
1.000000,
1.000000,
1.000000,
1.000000,
1.000000,
1.000000,
1.000000,
1.000000,
1.000000,
1.000000,
1.000000,
1.000000,
1.022918,
1.000000,
1.000000,
1.065476,
1.062500,
1.000000,
1.000000,
1.035431,
1.000000,
1.000000,
1.062500,
1.000000,
1.062500,
1.000000,
1.000000,
1.000000,
1.000000,
1.000000,
1.000000,
1.040634,
1.000000,
1.000000,
1.000000,
1.033347,
1.000000,
1.000000,
1.022895,
1.000000,
1.000000,
1.000000,
1.000000,
1.000000,
1.000000,
1.026883,
1.000000,
1.000000,
1.000000,
1.000000,
1.000000,
1.000000,
1.062500,
1.020682,
1.000000,
1.000000,
1.000000,
1.017607,
1.000000,
1.000000,
1.000000,
1.029421,
1.019186,
1.000000,
1.000000,
1.000000,
1.033292,
1.000000,
1.000000,
1.000000,
1.020833,
1.000000,
1.000000,
1.022690,
1.030050,
1.000000,
1.000000,
1.027757,
1.000000,
1.008929,
1.000000,
1.062500,
1.000000,
1.000000,
1.000000,
1.000000,
1.000000,
1.000000,
1.034056,
1.000000,
1.023602,
1.020913,
1.026941,
1.000000,
1.000000,
1.016135,
1.000000,
1.000000,
1.000000,
1.000000,
1.000000,
1.000000,
1.000000,
1.062500,
1.000000,
1.022835,
1.000000,
1.000000,
1.000000,
1.014614,
1.000000,
1.052778,
1.000000,
1.000000,
1.018877,
1.000000,
1.000000,
1.000000,
1.000000,
1.000000,
1.017149,
1.000000,
1.000000,
1.000000,
1.018565,
1.019902,
1.018454,
1.000000,
1.000000,
1.000000,
1.000000,
1.000000,
1.000000,
1.000000,
1.000000,
1.000000,
1.000000,
1.059335,
1.000000,
1.000000,
1.000000,
1.020811,
1.000000,
1.000000,
1.062500,
1.000000,
1.000000,
1.056076,
1.000000,
1.018867,
1.000000,
1.018454,
1.000000,
1.000000,
1.016454,
1.012584,
1.000000,
1.000000,
1.000000,
1.000000,
1.000000,
1.000000,
1.000000,
1.015625,
1.000000,
1.000000,
1.000000,
1.000000,
1.000000,
1.000000,
1.062500,
1.000000,
1.000000,
1.000000,
1.000000,
1.000000,
1.000000,
1.062500,
1.015560,
1.000000,
1.000000,
1.000000,
1.000000,
1.000000,
1.000000,
1.000000,
1.000000,
1.000000,
1.000000,
1.017648,
1.062500,
1.000000,
1.000000,
1.000000,
1.000000,
1.000000,
1.023838,
1.000000,
1.000000,
1.000000,
1.000000,
1.000000,
1.000000,
1.000000,
1.000000,
1.000000,
1.000000,
1.000000,
1.062500,
1.000000,
1.000000,
1.000000,
1.018510,
1.000000,
1.000000,
1.015153,
1.000000,
1.000000,
1.000000,
1.016330,
1.000000,
1.000000,
1.000000,
1.000000,
1.000000,
1.000000,
1.000000,
1.000000,
1.017374,
1.021055,
1.000000,
1.017784,
1.000000,
1.000000,
1.000000,
1.000000,
1.000000,
1.000000,
1.000000,
1.000000,
1.000000,
1.000000,
1.000000,
1.000000,
1.000000,
1.000000,
1.000000,
1.000000,
1.000000,
1.013517,
1.000000,
1.000000,
1.000000,
1.000000,
1.000000,
1.000000,
1.019005,
1.018126,
1.000000,
1.000000,
1.000000,
1.000000,
1.000000,
1.000000,
1.000000,
1.000000,
1.000000,
1.000000,
1.000000,
1.000000,
1.000000,
1.000000,
1.000000,
1.000000,
1.000000,
1.000000,
1.000000,
1.000000,
1.000000,
1.000000,
1.000000,
1.000000,
1.000000,
1.000000,
1.000000,
1.000000,
1.000000,
1.012358,
1.000000,
1.000000,
1.000000,
1.000000,
1.015309,
1.062500,
1.000000,
1.000000,
1.000000,
1.000000,
1.000000,
1.000000,
1.000000,
1.000000,
1.000000,
1.000000,
1.000000,
1.000000,
1.062500,
1.062500,
1.000000,
1.017038,
1.000000,
1.000000,
1.000000,
1.000000,
1.000000,
1.000000,
1.019005,
1.026329,
1.000000,
1.005297,
1.000000,
1.011124,
1.000000,
1.000000,
1.000000,
1.000000,
1.000000,
1.000000,
1.018217,
1.015104,
1.000000,
1.000000,
1.000000,
1.000000,
1.000000,
1.000000,
1.000000,
1.000000,
1.000000,
1.014905,
1.013578,
1.000000,
1.000000,
1.000000,
1.000000,
1.000000,
1.000000,
1.000000,
1.000000,
1.000000,
1.000000,
1.000000,
1.000000,
1.000000,
1.000000,
1.011325,
1.000000,
1.014249,
1.019384,
1.000000,
1.000000,
1.000000,
1.020178,
1.000000,
1.000000,
1.000000,
1.000000,
1.000000,
1.000000,
1.000000,
1.000000,
1.000000,
1.015051,
1.000000,
1.000000,
1.009347,
1.000000,
1.000000,
1.000000,
1.000000,
1.015625,
1.000000,
1.000000,
1.000000,
1.000000,
1.000000,
1.000000,
1.000000,
1.000000,
1.000000,
1.000000,
1.000000,
1.000000,
1.013529,
1.000000,
1.000000,
1.000000,
1.000000,
1.000000,
1.000000,
1.020833,
1.000000,
1.000000,
1.019398,
1.000000,
1.062500,
1.000000,
1.000000,
1.011042,
1.062500,
1.000000,
1.000000,
1.000000,
1.007812,
1.000000,
1.000000,
1.000000,
1.000000,
1.000000,
1.011223,
1.000000,
1.010804,
1.000000,
1.000000,
1.000000,
1.000000,
1.000000,
1.000000,
1.000000,
1.000000,
1.000000,
1.000000,
1.000000,
1.000000,
1.000000,
1.000000,
1.000000,
1.000000,
1.000000,
1.000000,
1.000000,
1.000000,
1.000000,
1.000000,
1.000000,
1.000000,
1.000000,
1.000000,
1.000000,
1.000000,
1.000000,
1.000000,
1.000000,
1.000000,
1.000000,
1.000000,
1.000000,
1.000000,
1.000000,
1.000000,
1.000000,
1.000000,
1.000000,
1.000000,
1.000000,
1.000000,
1.000000,
1.000000,
1.000000,
1.000000,
1.000000,
1.000000,
1.000000,
1.000000,
1.000000,
1.000000,
1.000000,
1.000000,
1.000000,
1.000000,
1.000000,
1.000000,
1.000000,
1.010398,
1.000000,
1.000000,
1.000000,
1.000000,
1.000000,
1.000000,
1.000000,
1.000000,
1.000000,
1.000000,
1.007812,
1.000000,
1.009607,
1.000000,
1.000000,
1.000000,
1.000000,
1.000000,
1.000000,
1.000000,
1.000000,
1.000000,
1.000000,
1.008708,
1.011222,
1.000000,
1.000000,
1.000000,
1.000000,
1.014380,
1.000000,
1.000000,
1.000000,
1.000000,
1.000000,
1.000000,
1.000000,
1.000000,
1.000000,
1.010504,
1.000000,
1.000000,
1.000000,
1.000000,
1.000000,
1.000000,
1.009302,
1.000000,
1.000000,
1.011661,
1.008369,
1.000000,
1.000000,
1.000000,
1.000000,
1.000000,
1.000000,
1.000000,
1.000000,
1.000000,
1.000000,
1.000000,
1.000000,
1.000000,
1.000000,
1.008774,
1.000000,
1.000000,
1.000000,
1.000000,
1.000000,
1.010311,
1.000000,
1.006814,
1.000000,
1.000000,
1.000000,
1.000000,
1.000000,
1.000000,
1.000000,
1.000000,
1.000000,
1.021124,
1.000000,
1.000000,
1.000000,
1.000000,
1.000000,
1.000000,
1.000000,
1.000000,
1.011744,
1.000000,
1.000000,
1.000000,
1.000000,
1.000000,
1.062500,
1.000000,
1.000000,
1.000000,
1.000000,
1.000000,
1.000000,
1.000000,
1.000000,
1.000000,
1.010269,
1.000000,
1.000000,
1.000000,
1.016135,
1.000000,
1.000000,
1.000000,
1.000000,
1.000000,
1.000000,
1.000000,
1.000000,
1.000000,
1.000000,
1.000000,
1.000000,
1.000000,
1.000000,
1.000000,
1.000000,
1.000000,
1.000000,
1.011393,
1.000000,
1.013763,
1.000000,
1.000000,
1.000000,
1.000000,
1.000000,
1.000000,
1.007875,
1.000000,
1.000000,
1.000000,
1.012626,
1.000000,
1.000000,
1.000000,
1.000000,
1.000000,
1.000000,
1.000000,
1.000000,
1.000000,
1.000000,
1.000000,
1.000000,
1.000000,
1.000000,
1.000000,
1.000000,
1.000000,
1.000000,
1.000000,
1.009414,
1.000000,
1.000000,
1.000000,
1.009908,
1.000000,
1.000000,
1.000000,
1.000000,
1.000000,
1.000000,
1.000000,
1.000000,
1.000000,
1.000000,
1.000000,
1.014709,
1.000000,
1.000000,
1.000000,
1.000000,
1.000000,
1.000000,
1.010666,
1.000000,
1.000000,
1.000000,
1.000000,
1.000000,
1.000000,
1.007754,
1.000000,
1.000000,
1.011242,
1.000000,
1.000000,
1.003289,
1.009175,
1.000000,
1.000000,
1.000000,
1.011242,
1.000000,
1.000000,
1.000000,
1.000000,
1.062500,
1.000000,
1.000000,
1.000000,
1.000000,
1.000000,
1.000000,
1.000000,
1.000000,
1.000000,
1.000000,
1.007161,
1.000000,
1.000000,
1.000000,
1.000000,
1.000000,
1.000000,
1.000000,
1.000000,
1.000000,
1.000000,
1.000000,
1.000000,
1.000000,
1.000000,
1.000000,
1.000000,
1.000000,
1.062500,
1.000000,
1.000000,
1.000000,
1.000000,
1.000000,
1.000000,
1.000000,
1.000000,
1.000000,
1.000000,
1.000000,
1.000000,
1.006048,
1.000000,
1.000000,
1.000000,
1.000000,
1.000000,
1.000000,
1.000000,
1.000000,
1.000000,
1.015753,
1.000000,
1.011576,
1.008969,
1.000000,
1.000000,
1.000000,
1.000000,
1.000000,
1.000000,
1.000000,
1.007812,
1.000000,
1.000000,
1.000000,
1.000000,
1.015204,
1.000000,
1.000000,
1.000000,
1.000000,
1.000000,
1.000000,
1.000000,
1.000000,
1.000000,
1.000000,
1.000000,
1.000000,
1.000000,
1.000000,
1.000000,
1.011043,
1.000000,
1.000000,
1.000000,
1.000000,
1.000000,
1.000000,
1.000000,
1.000000,
1.000000,
1.000000,
1.000000,
1.000000,
1.000000,
1.000000,
1.000000,
1.000000,
1.000000,
1.000000,
1.000000,
1.000000,
1.000000,
1.000000,
1.000000,
1.000000,
1.000000,
1.000000,
1.000000,
1.000000,
1.000000,
1.000000,
1.000000,
1.000000,
1.000000,
1.000000,
1.000000,
1.000000,
1.000000,
1.000000,
1.000000,
1.000000,
1.012358,
1.000000,
1.000000,
1.000000,
1.000000,
1.000000,
1.000000,
1.000000,
1.011201,
1.000000,
1.011629,
1.000000,
1.000000,
1.006250,
1.011155,
1.000000,
1.000000,
1.000000,
1.000000,
1.000000,
1.000000,
1.000000,
1.000000,
1.000000,
1.000000,
1.000000,
1.000000,
1.000000,
1.000000,
1.000000,
1.000000,
1.000000,
1.000000,
1.000000,
1.000000,
1.000000,
1.013156,
1.000000,
1.000000,
1.000000,
1.000000,
1.000000,
1.000000,
1.013852,
1.000000,
1.000000,
1.000000,
1.000000,
1.000000,
1.000000,
1.000000,
1.000000,
1.000000,
1.000000,
1.000000,
1.005921,
1.000000,
1.007056,
1.000000,
1.000000,
1.000000,
1.000000,
1.000000,
1.000000,
1.000000,
1.000000,
1.000000,
1.000000,
1.000000,
1.000000,
1.000000,
1.000000,
1.062500,
1.000000,
1.000000,
1.000000,
1.000000,
1.000000,
1.000000,
1.000000,
1.008197,
1.009650,
1.000000,
1.000000,
1.000000,
1.000000,
1.000000,
1.000000,
1.000000,
1.000000,
1.000000,
1.000000,
1.000000,
1.000000,
1.000000,
1.000000,
1.000000,
1.000000,
1.000000,
1.000000,
1.000000,
1.000000,
1.000000,
1.000000,
1.000000,
1.000000,
1.007722,
1.000000,
1.000000,
1.000000,
1.000000,
1.000000,
1.000000,
1.000000,
1.000000,
1.000000,
1.000000,
1.000000,
1.000000,
1.000000,
1.000000,
1.000000,
1.000000,
1.000000,
1.006503,
1.000000,
1.000000,
1.000000,
1.000000,
1.000000,
1.000000,
1.000000,
1.000000,
1.000000,
1.000000,
1.000000,
1.000000,
1.000000,
1.012500,
1.000000,
1.000000,
1.000000,
1.000000,
1.000000,
1.007875,
1.005157,
1.000000,
1.000000,
1.000000,
1.004764,
1.010912,
1.000000,
1.000000,
1.008850,
1.000000,
1.000000,
1.003877,
1.000000,
1.000000,
1.000000,
1.000000,
1.000000,
1.000000,
1.000000,
1.000000,
1.000000,
1.000000,
1.000000,
1.000000,
1.000000,
1.000000,
1.000000,
1.000000,
1.000000,
1.000000,
1.000000,
1.000000,
1.000000,
1.000000,
1.003125,
1.000000,
1.000000,
1.000000,
1.000000,
1.000000,
1.000000,
1.000000,
1.000000,
1.000000,
1.000000,
1.000000,
1.000000,
1.000000,
1.000000,
1.000000,
1.000000,
1.000000,
1.000000,
1.000000,
1.000000,
1.000000,
1.000000,
1.062500,
1.000000,
1.000000,
1.000000,
1.000000,
1.000000,
1.000000,
1.000000,
1.000000,
1.000000,
1.000000,
1.000000,
1.000000,
1.000000,
1.010417,
1.000000,
1.000000,
1.000000,
1.000000,
1.000000,
1.000000,
1.062500,
1.000000,
1.000000,
1.000000,
1.000000,
1.000000,
1.000000,
1.009175,
1.000000,
1.000000,
1.000000,
1.000000,
1.000000,
1.000000,
1.000000,
1.000000,
1.007948,
1.000000,
1.000000,
1.000000,
1.000000,
1.000000,
1.000000,
1.000000,
1.000000,
1.000000,
1.006689,
1.005388,
1.000000,
1.000000,
1.000000,
1.000000,
1.062500,
1.000000,
1.000000,
1.000000,
1.000000,
1.000000,
1.000000,
1.000000,
1.000000,
1.000000,
1.000000,
1.000000,
1.000000,
1.000000,
1.000000,
1.000000,
1.000000,
1.000000,
1.000000,
1.000000,
1.000000,
1.000000,
1.000000,
1.000000,
1.000000,
1.000000,
1.000000,
1.007581,
1.000000,
1.000000,
1.000000,
1.000000,
1.000000,
1.000000,
1.002083,
1.000000,
1.000000,
1.000000,
1.000000,
1.000000,
1.000000,
1.000000,
1.000000,
1.000000,
1.000000,
1.000000,
1.000000,
1.000000,
1.000000,
1.000000,
1.000000,
1.000000,
1.000000,
1.000000,
1.000000,
1.000000,
1.000000,
1.000000,
1.000000,
1.000000,
1.000000,
1.009347,
1.000000,
1.000000,
1.000000,
1.000000,
1.000000,
1.000000,
1.000000,
1.000000,
1.000000,
1.000000,
1.000000,
1.012671,
1.000000,
1.009774,
1.000000,
1.000000,
1.000000,
1.000000,
1.000000,
1.000000,
1.000000,
1.000000,
1.000000,
1.000000,
1.000000,
1.000000,
1.000000,
1.000000,
1.000000,
1.000000,
1.000000,
1.000000,
1.000000,
1.002841,
1.000000,
1.000000,
1.000000,
1.000000,
1.000000,
1.000000,
1.000000,
1.005388,
1.000000,
1.000000,
1.000000,
1.000000,
1.000000,
1.000000,
1.000000,
1.000000,
1.000000,
1.000000,
1.000000,
1.000000,
1.000000,
1.000000,
1.000000,
1.000000,
1.000000,
1.000000,
1.000000,
1.000000,
1.000000,
1.000000,
1.000000,
1.000000,
1.000000,
1.000000,
1.000000,
1.000000,
1.000000,
1.000000,
1.000000,
1.000000,
1.000000,
1.000000,
1.000000,
1.000000,
1.000000,
1.000000,
1.000000,
1.000000,
1.000000,
1.000000,
1.000000,
1.000000,
1.000000,
1.000000,
1.000000,
1.000000,
1.000000,
1.000000,
1.000000,
1.000000,
1.000000,
1.000000,
1.000000,
1.000000,
1.000000,
1.000000,
1.000000,
1.000000,
1.000000,
1.000000,
1.000000,
1.000000,
1.000000,
1.000000,
1.000000,
1.000000,
1.000000,
1.010248,
1.000000,
1.000000,
1.000000,
1.000000,
1.000000,
1.000000,
1.000000,
1.000000,
1.000000,
1.000000,
1.000000,
1.000000,
1.000000,
1.000000,
1.000000,
1.000000,
1.000000,
1.000000,
1.000000,
1.000000,
1.000000,
1.000000,
1.000000,
1.000000,
1.000000,
1.000000,
1.000000,
1.000000,
1.000000,
1.000000,
1.000000,
1.000000,
1.000000,
1.000000,
1.000000,
1.000000,
1.000000,
1.000000,
1.000000,
1.000000,
1.010704,
1.000000,
1.000000,
1.000000,
1.003024,
1.000000,
1.000000,
1.000000,
1.000000,
1.000000,
1.000000,
1.000000,
1.000000,
1.000000,
1.000000,
1.000000,
1.000000,
1.000000,
1.000000,
1.000000,
1.000000,
1.000000,
1.000000,
1.000000,
1.000000,
1.000000,
1.000000,
1.000000,
1.000000,
1.000000,
1.000000,
1.000000,
1.007715,
1.005244,
1.006148,
1.000000,
1.000000,
1.000000,
1.004692,
1.000000,
1.000000,
1.000000,
1.000000,
1.000000,
1.000000,
1.000000,
1.000000,
1.000000,
1.000000,
1.000000,
1.004992,
1.000000,
1.000000,
1.000000,
1.000000,
1.000000,
1.000000,
1.000000,
1.000000,
1.000000,
1.000000,
1.000000,
1.000000,
1.000000,
1.000000,
1.000000,
1.000000,
1.000000,
1.000000,
1.000000,
1.000000,
1.000000,
1.000000,
1.000000,
1.000000,
1.000000,
1.000000,
1.000000,
1.000000,
1.000000,
1.000000,
1.000000,
1.000000,
1.000000,
1.000000,
1.000000,
1.000000,
1.000000,
1.000000,
1.000000,
1.000000,
1.000000,
1.000000,
1.000000,
1.000000,
1.000000,
1.000000,
1.000000,
1.000000,
1.000000,
1.005208,
1.000000,
1.000000,
1.000000,
1.000000,
1.000000,
1.000000,
1.000000,
1.003877,
1.000000,
1.000000,
1.000000,
1.000000,
1.000000,
1.000000,
1.000000,
1.000000,
1.000000,
1.000000,
1.000000,
1.000000,
1.000000,
1.000000,
1.000000,
1.000000,
1.000000,
1.000000,
1.000000,
1.012584,
1.000000,
1.004340,
1.000000,
1.000000,
1.000000,
1.000000,
1.000000,
1.000000,
1.000000,
1.000000,
1.000000,
1.000000,
1.000000,
1.000000,
1.000000,
1.000000,
1.000000,
1.000000,
1.000000,
1.009360,
1.000000,
1.000000,
1.000000,
1.000000,
1.000000,
1.000000,
1.000000,
1.000000,
1.000000,
1.000000,
1.000000,
1.000000,
1.000000,
1.000000,
1.000000,
1.000000,
1.000000,
1.000000,
1.000000,
1.000000,
1.000000,
1.004808,
1.000000,
1.000000,
1.000000,
1.000000,
1.005464,
1.000000,
1.000000,
1.000000,
1.000000,
1.000000,
1.000000,
1.000000,
1.000000,
1.000000,
1.000000,
1.000000,
1.000000,
1.000000,
1.000000,
1.015090,
1.000000,
1.000000,
1.000000,
1.000000,
1.000000,
1.000000,
1.000000,
1.000000,
1.000000,
1.002799,
1.000000,
1.000000,
1.000000,
1.000000,
1.000000,
1.000000,
1.000000,
1.000000,
1.000000,
1.000000,
1.000000,
1.000000,
1.000000,
1.000000,
1.000000,
1.000000,
1.000000,
1.000000,
1.000000,
1.000000,
1.000000,
1.000000,
1.000000,
1.000000,
1.000000,
1.000000,
1.000000,
1.000000,
1.000000,
1.012113,
1.000000,
1.000000,
1.000000,
1.000000,
1.000000,
1.000000,
1.005388,
1.000000,
1.000000,
1.000000,
1.000000,
1.000000,
1.000000,
1.000000,
1.000000,
1.000000,
1.000000,
1.000000,
1.000000,
1.000000,
1.000000,
1.000000,
1.000000,
1.000000,
1.000000,
1.000000,
1.000000,
1.000000,
1.000000,
1.000000,
1.000000,
1.000000,
1.000000,
1.000000,
1.000000,
1.000000,
1.000000,
1.000000,
1.000000,
1.000000,
1.006725,
1.000000,
1.000000,
1.000000,
1.000000,
1.000000,
1.000000,
1.000000,
1.000000,
1.000000,
1.000000,
1.000000,
1.000000,
1.000000,
1.000000,
1.000000,
1.000000,
1.000000,
1.000000,
1.000000,
1.000000,
1.062500,
1.000000,
1.000000,
1.000000,
1.000000,
1.000000,
1.000000,
1.000000,
1.000000,
1.000000,
1.000000,
1.006367,
1.000000,
1.000000,
1.000000,
1.000000,
1.000000,
1.006718,
1.000000,
1.000000,
1.000000,
1.000000,
1.000000,
1.000000,
1.000000,
1.000000,
1.000000,
1.000000,
1.000000,
1.000000,
1.000000,
1.000000,
1.000000,
1.000000,
1.000000,
1.000000,
1.000000,
1.000000,
1.000000,
1.000000,
1.000000,
1.000000,
1.000000,
1.000000,
1.000000,
1.002688,
1.000000,
1.000000,
1.000000,
1.000000,
1.000000,
1.008850,
1.000000,
1.000000,
1.000000,
1.000000,
1.000000,
1.000000,
1.005890,
1.000000,
1.000000,
1.000000,
1.000000,
1.000000,
1.000000,
1.000000,
1.000000,
1.000000,
1.000000,
1.000000,
1.003731,
1.000000,
1.000000,
1.000000,
1.000000,
1.000000,
1.000000,
1.000000,
1.000000,
1.000000,
1.000000,
1.000000,
1.000000,
1.000000,
1.000000,
1.000000,
1.000000,
1.000000,
1.000000,
1.000000,
1.000000,
1.000000,
1.000000,
1.000000,
1.000000,
1.000000,
1.000000,
1.000000,
1.000000,
1.000000,
1.000000,
1.000000,
