24.250000,
13.078125,
9.947917,
7.192708,
6.222917,
5.655432,
5.581079,
5.161110,
4.386744,
4.375454,
3.602531,
3.205928,
3.387024,
3.409153,
2.868490,
2.878440,
2.895991,
2.329698,
2.455425,
2.528851,
2.386335,
2.200992,
2.043509,
2.251777,
2.120196,
1.886130,
2.038535,
1.846614,
2.135943,
1.935912,
1.810036,
1.815333,
2.287515,
1.991242,
1.730224,
1.885374,
1.730233,
1.597974,
1.625000,
1.833357,
1.742654,
1.768786,
1.465885,
1.542728,
1.570987,
1.560559,
1.568133,
1.486979,
1.698410,
1.624078,
1.483509,
1.468705,
1.437500,
1.641530,
1.483655,
1.528389,
1.409074,
1.417683,
1.447745,
1.425079,
1.309467,
1.271354,
1.453726,
1.321321,
1.312854,
1.304762,
1.383993,
1.323425,
1.449143,
1.320833,
1.328078,
1.405757,
1.326470,
1.449943,
1.235417,
1.295997,
1.304905,
1.284457,
1.225000,
1.187500,
1.344457,
1.257887,
1.281771,
1.277976,
1.213884,
1.277730,
1.278904,
1.265625,
1.254040,
1.300865,
1.299100,
1.240299,
1.249996,
1.320407,
1.290634,
1.311381,
1.188207,
1.225773,
1.256957,
1.144792,
1.312103,
1.254291,
1.234621,
1.279596,
1.125000,
1.300996,
1.234255,
1.176208,
1.192423,
1.221244,
1.158402,
1.156250,
1.194893,
1.093750,
1.093750,
1.213341,
1.210515,
1.173810,
1.189155,
1.210206,
1.241667,
1.226408,
1.156250,
1.140625,
1.197137,
1.160937,
1.175221,
1.205339,
1.193087,
1.177083,
1.125000,
1.172019,
1.125000,
1.156684,
1.205915,
1.156250,
1.125000,
1.062500,
1.174808,
1.152076,
1.124164,
1.139726,
1.135973,
1.134690,
1.182254,
1.173363,
1.164583,
1.062500,
1.062500,
1.062500,
1.150174,
1.189109,
1.062500,
1.062500,
1.062500,
1.109799,
1.154945,
1.196141,
1.130793,
1.093750,
1.072173,
1.125000,
1.109375,
1.130990,
1.093750,
1.093750,
1.125000,
1.152818,
1.103981,
1.146949,
1.106352,
1.124747,
1.156250,
1.117331,
1.167356,
1.135164,
1.123578,
1.132091,
1.138550,
1.093750,
1.118921,
1.121342,
1.031250,
1.070312,
1.160719,
1.105839,
1.118166,
1.083965,
1.121292,
1.062500,
1.110068,
1.092724,
1.094255,
1.031250,
1.093750,
1.122892,
1.089286,
1.031250,
1.192485,
1.092904,
1.098090,
1.177083,
1.093750,
1.031250,
1.119598,
1.062500,
1.124113,
1.140179,
1.114732,
1.086281,
1.120836,
1.111793,
1.097470,
1.062500,
1.088108,
1.119322,
1.081902,
1.112603,
1.089844,
1.073438,
1.000000,
1.108438,
1.093707,
1.054167,
1.111793,
1.083854,
1.000000,
1.093750,
1.078125,
1.098958,
1.093750,
1.115205,
1.082760,
1.063374,
1.076042,
1.000000,
1.000000,
1.079762,
1.063542,
1.062500,
1.109375,
1.077156,
1.088341,
1.093663,
1.062500,
1.062500,
1.000000,
1.031250,
1.087178,
1.093750,
1.065625,
1.076824,
1.056944,
1.093750,
1.098958,
1.062500,
1.083559,
1.057726,
1.090996,
1.091635,
1.062500,
1.079071,
1.089253,
1.052637,
1.031250,
1.074709,
1.106944,
1.093750,
1.094118,
1.000000,
1.082332,
1.119990,
1.140625,
1.086771,
1.092991,
1.068739,
1.072917,
1.075783,
1.041667,
1.067708,
1.064939,
1.000000,
1.074900,
1.064583,
1.062500,
1.086119,
1.000000,
1.000000,
1.000000,
1.077524,
1.093750,
1.061476,
1.067922,
1.000000,
1.039062,
1.060495,
1.046875,
1.031250,
1.061968,
1.062500,
1.053819,
1.078125,
1.000000,
1.000000,
1.065352,
1.067634,
1.075000,
1.031250,
1.053030,
1.089656,
1.068910,
1.072470,
1.084727,
1.085038,
1.062500,
1.059848,
1.034375,
1.062500,
1.051253,
1.000000,
1.062500,
1.000000,
1.000000,
1.091146,
1.031250,
1.058974,
1.034375,
1.051389,
1.000000,
1.000000,
1.063740,
1.056858,
1.031250,
1.000000,
1.052083,
1.062500,
1.062500,
1.031250,
1.045833,
1.031250,
1.000000,
1.031250,
1.064000,
1.000000,
1.000000,
1.066559,
1.000000,
1.000000,
1.054384,
1.086999,
1.059375,
1.000000,
1.000000,
1.052734,
1.000000,
1.057576,
1.000000,
1.046925,
1.050900,
1.031250,
1.093750,
1.031250,
1.058880,
1.096812,
1.031250,
1.031250,
1.000000,
1.062500,
1.040705,
1.059776,
1.057102,
1.052847,
1.031771,
1.052344,
1.061440,
1.031250,
1.046284,
1.055288,
1.057249,
1.000000,
1.062500,
1.000000,
1.047638,
1.062500,
1.031250,
1.000000,
1.051488,
1.093750,
1.000000,
1.059168,
1.046875,
1.031250,
1.000000,
1.054167,
1.031250,
1.062500,
1.044014,
1.053125,
1.031250,
1.031250,
1.062500,
1.031250,
1.048521,
1.031250,
1.000000,
1.000000,
1.028460,
1.055122,
1.054475,
1.060440,
1.000000,
1.067159,
1.068390,
1.031250,
1.031250,
1.077858,
1.000000,
1.093229,
1.044592,
1.065625,
1.000000,
1.062500,
1.039757,
1.000000,
1.031250,
1.000000,
1.031250,
1.049831,
1.031487,
1.081061,
1.000000,
1.000000,
1.062500,
1.046875,
1.031250,
1.000000,
1.031250,
1.031250,
1.062500,
1.041667,
1.031250,
1.031250,
1.062500,
1.023911,
1.000000,
1.031250,
1.050824,
1.000000,
1.031250,
1.024306,
1.041667,
1.000000,
1.000000,
1.031250,
1.042225,
1.031250,
1.096131,
1.029356,
1.093750,
1.035339,
1.057879,
1.021429,
1.000000,
1.000000,
1.000000,
1.062500,
1.035113,
1.047545,
1.062500,
1.031250,
1.031808,
1.000000,
1.031250,
1.031250,
1.054129,
1.031944,
1.033333,
1.000000,
1.029119,
1.000000,
1.031250,
1.046280,
1.031250,
1.042698,
1.039062,
1.033726,
1.043637,
1.031250,
1.031250,
1.036458,
1.062500,
1.062500,
1.000000,
1.047259,
1.057463,
1.000000,
1.031250,
1.047564,
1.061458,
1.000000,
1.031944,
1.031250,
1.028212,
1.000000,
1.000000,
1.030562,
1.084375,
1.000000,
1.031250,
1.000000,
1.031250,
1.048306,
1.000000,
1.031250,
1.062500,
1.032109,
1.000000,
1.000000,
1.059924,
1.000000,
1.045075,
1.057292,
1.000000,
1.000000,
1.000000,
1.031250,
1.000000,
1.000000,
1.033370,
1.000000,
1.024439,
1.034023,
1.056748,
1.000000,
1.062500,
1.035250,
1.046875,
1.028212,
1.000000,
1.021131,
1.031250,
1.052083,
1.000000,
1.031250,
1.000000,
1.000000,
1.000000,
1.062500,
1.038494,
1.031723,
1.053795,
1.043667,
1.028274,
1.025000,
1.038149,
1.000000,
1.093750,
1.031250,
1.000000,
1.031250,
1.000000,
1.031250,
1.027995,
1.062500,
1.000000,
1.057272,
1.031250,
1.000000,
1.024306,
1.000000,
1.000000,
1.000000,
1.000000,
1.034942,
1.000000,
1.031250,
1.000000,
1.031250,
1.041667,
1.000000,
1.000000,
1.000000,
1.031250,
1.031250,
1.000000,
1.031250,
1.000000,
1.000000,
1.026172,
1.062500,
1.031250,
1.000000,
1.031250,
1.031250,
1.032197,
1.000000,
1.031250,
1.000000,
1.062500,
1.000000,
1.031250,
1.033333,
1.031250,
1.000000,
1.000000,
1.025000,
1.062500,
1.000000,
1.000000,
1.000000,
1.046875,
1.024554,
1.031250,
1.000000,
1.031250,
1.000000,
1.000000,
1.000000,
1.031250,
1.000000,
1.033892,
1.028342,
1.000000,
1.000000,
1.000000,
1.000000,
1.031250,
1.043297,
1.026042,
1.000000,
1.050821,
1.000000,
1.026425,
1.000000,
1.000000,
1.031250,
1.000000,
1.031250,
1.000000,
1.000000,
1.000000,
1.000000,
1.026172,
1.000000,
1.027557,
1.000000,
1.024510,
1.031250,
1.000000,
1.024306,
1.000000,
1.031250,
1.000000,
1.031250,
1.035156,
1.028846,
1.031250,
1.000000,
1.000000,
1.000000,
1.000000,
1.000000,
1.031250,
1.000000,
1.031250,
1.036413,
1.037345,
1.031250,
1.019301,
1.000000,
1.000000,
1.000000,
1.026864,
1.026705,
1.031250,
1.031250,
1.000000,
1.029447,
1.024306,
1.017087,
1.031250,
1.000000,
1.000000,
1.000000,
1.031250,
1.000000,
1.062500,
1.000000,
1.000000,
1.000000,
1.026705,
1.000000,
1.031250,
1.034570,
1.000000,
1.000000,
1.023698,
1.000000,
1.031250,
1.031250,
1.000000,
1.000000,
1.031250,
1.000000,
1.031250,
1.000000,
1.024306,
1.000000,
1.031250,
1.000000,
1.000000,
1.000000,
1.031250,
1.031250,
1.000000,
1.000000,
1.000000,
1.000000,
1.000000,
1.000000,
1.031250,
1.031250,
1.000000,
1.030235,
1.031250,
1.028159,
1.062500,
1.000000,
1.000000,
1.028646,
1.093750,
1.025694,
1.031250,
1.031250,
1.025219,
1.000000,
1.031250,
1.022569,
1.000000,
1.026843,
1.031250,
1.022569,
1.062500,
1.000000,
1.031250,
1.031250,
1.037779,
1.000000,
1.040179,
1.029545,
1.031250,
1.000000,
1.000000,
1.041667,
1.033830,
1.023674,
1.000000,
1.031250,
1.000000,
1.025174,
1.019301,
1.000000,
1.000000,
1.025568,
1.000000,
1.027273,
1.000000,
1.000000,
1.031250,
1.000000,
1.028646,
1.026389,
1.000000,
1.000000,
1.031250,
1.031250,
1.000000,
1.000000,
1.023254,
1.031250,
1.000000,
1.000000,
1.000000,
1.000000,
1.000000,
1.000000,
1.000000,
1.039062,
1.000000,
1.000000,
1.031250,
1.015625,
1.031250,
1.000000,
1.029514,
1.000000,
1.031250,
1.000000,
1.031250,
1.028186,
1.000000,
1.021835,
1.000000,
1.031250,
1.000000,
1.000000,
1.000000,
1.000000,
1.000000,
1.000000,
1.000000,
1.000000,
1.000000,
1.000000,
1.031935,
1.000000,
1.000000,
1.000000,
1.024306,
1.000000,
1.024554,
1.016146,
1.000000,
1.000000,
1.000000,
1.031250,
1.031250,
1.031250,
1.000000,
1.000000,
1.000000,
1.000000,
1.062500,
1.038027,
1.016813,
1.031250,
1.000000,
1.033482,
1.031250,
1.024306,
1.000000,
1.000000,
1.027679,
1.000000,
1.028460,
1.000000,
1.028125,
1.031250,
1.031250,
1.031250,
1.031250,
1.026389,
1.000000,
1.027344,
1.000000,
1.000000,
1.031250,
1.000000,
1.000000,
1.031250,
1.018750,
1.000000,
1.034375,
1.000000,
1.023363,
1.023810,
1.000000,
1.000000,
1.000000,
1.000000,
1.000000,
1.000000,
1.000000,
1.000000,
1.000000,
1.000000,
1.000000,
1.031250,
1.000000,
1.031250,
1.000000,
1.024306,
1.000000,
1.000000,
1.020433,
1.024038,
1.031250,
1.031250,
1.016544,
1.019231,
1.033234,
1.000000,
1.000000,
1.031250,
1.031250,
1.000000,
1.000000,
1.000000,
1.000000,
1.000000,
1.000000,
1.000000,
1.000000,
1.031250,
1.031250,
1.000000,
1.031250,
1.027344,
1.000000,
1.000000,
1.000000,
1.000000,
1.000000,
1.031250,
1.000000,
1.022727,
1.000000,
1.000000,
1.000000,
1.041667,
1.000000,
1.000000,
1.015441,
1.000000,
1.029749,
1.012500,
1.000000,
1.026786,
1.000000,
1.031250,
1.000000,
1.028646,
1.031250,
1.000000,
1.021307,
1.000000,
1.000000,
1.000000,
1.000000,
1.000000,
1.031250,
1.031250,
1.031250,
1.000000,
1.031250,
1.000000,
1.031250,
1.000000,
1.000000,
1.000000,
1.026843,
1.000000,
1.025240,
1.000000,
1.031250,
1.031250,
1.000000,
1.028646,
1.000000,
1.033333,
1.015179,
1.035156,
1.000000,
1.000000,
1.000000,
1.000000,
1.000000,
1.000000,
1.017663,
1.000000,
1.000000,
1.020776,
1.028646,
1.000000,
1.031250,
1.000000,
1.000000,
1.024306,
1.000000,
1.000000,
1.031250,
1.031250,
1.031250,
1.016544,
1.062500,
1.000000,
1.000000,
1.031250,
1.000000,
1.000000,
1.000000,
1.000000,
1.000000,
1.000000,
1.000000,
1.031250,
1.000000,
1.000000,
1.031250,
1.028274,
1.028125,
1.000000,
1.000000,
1.000000,
1.000000,
1.008621,
1.000000,
1.026989,
1.000000,
1.018892,
1.000000,
1.000000,
1.000000,
1.000000,
1.000000,
1.000000,
1.031250,
1.062500,
1.019199,
1.000000,
1.000000,
1.031250,
1.000000,
1.011499,
1.000000,
1.025298,
1.062500,
1.000000,
1.000000,
1.000000,
1.000000,
1.000000,
1.000000,
1.017999,
1.000000,
1.000000,
1.000000,
1.000000,
1.000000,
1.000000,
1.000000,
1.062500,
1.014340,
1.000000,
1.000000,
1.010417,
1.000000,
1.000000,
1.000000,
1.031250,
1.000000,
1.000000,
1.031250,
1.031250,
1.031250,
1.000000,
1.000000,
1.031250,
1.000000,
1.000000,
1.031250,
1.000000,
1.000000,
1.019048,
1.000000,
1.000000,
1.000000,
1.000000,
1.000000,
1.000000,
1.000000,
1.000000,
1.031250,
1.000000,
1.000000,
1.000000,
1.017565,
1.000000,
1.000000,
1.031250,
1.000000,
1.000000,
1.031250,
1.000000,
1.020433,
1.000000,
1.031155,
1.031250,
1.018201,
1.021577,
1.000000,
1.000000,
1.000000,
1.031250,
1.000000,
1.000000,
1.028539,
1.031250,
1.026786,
1.031250,
1.000000,
1.021429,
1.000000,
1.000000,
1.000000,
1.000000,
1.031250,
1.000000,
1.000000,
1.000000,
1.031250,
1.000000,
1.031250,
1.000000,
1.000000,
1.000000,
1.032366,
1.000000,
1.000000,
1.031250,
1.000000,
1.000000,
1.000000,
1.000000,
1.000000,
1.000000,
1.000000,
1.000000,
1.000000,
1.000000,
1.031250,
1.000000,
1.000000,
1.000000,
1.000000,
1.000000,
1.000000,
1.000000,
1.031250,
1.000000,
1.000000,
1.000000,
1.000000,
1.000000,
1.000000,
1.017565,
1.000000,
1.000000,
1.000000,
1.000000,
1.031250,
1.000000,
1.000000,
1.031250,
1.000000,
1.000000,
1.000000,
1.014436,
1.000000,
1.000000,
1.000000,
1.062500,
1.000000,
1.000000,
1.031250,
1.007812,
1.028274,
1.000000,
1.000000,
1.000000,
1.000000,
1.031250,
1.000000,
1.015885,
1.031250,
1.000000,
1.022727,
1.000000,
1.000000,
1.000000,
1.000000,
1.000000,
1.000000,
1.000000,
1.000000,
1.000000,
1.031250,
1.015829,
1.000000,
1.000000,
1.000000,
1.000000,
1.000000,
1.000000,
1.000000,
1.000000,
1.000000,
1.000000,
1.017565,
1.000000,
1.021635,
1.012537,
1.000000,
1.000000,
1.000000,
1.000000,
1.000000,
1.024384,
1.011905,
1.000000,
1.031250,
1.015351,
1.015625,
1.020833,
1.031250,
1.000000,
1.000000,
1.000000,
1.000000,
1.000000,
1.031250,
1.000000,
1.000000,
1.000000,
1.000000,
1.034375,
1.019231,
1.000000,
1.000000,
1.031250,
1.000000,
1.000000,
1.029514,
1.000000,
1.019097,
1.000000,
1.000000,
1.000000,
1.000000,
1.000000,
1.031250,
1.000000,
1.029705,
1.000000,
1.000000,
1.000000,
1.000000,
1.000000,
1.015179,
1.000000,
1.015829,
1.014093,
1.015885,
1.000000,
1.000000,
1.010078,
1.000000,
1.000000,
1.031250,
1.000000,
1.000000,
1.000000,
1.000000,
1.000000,
1.000000,
1.015965,
1.000000,
1.026042,
1.000000,
1.000000,
1.000000,
1.000000,
1.000000,
1.017361,
1.018201,
1.000000,
1.008413,
1.031250,
1.022569,
1.000000,
1.000000,
1.000000,
1.000000,
1.000000,
1.000000,
1.012604,
1.000000,
1.031250,
1.000000,
1.000000,
1.000000,
1.000000,
1.031250,
1.000000,
1.000000,
1.000000,
1.031250,
1.000000,
1.020833,
1.000000,
1.000000,
1.014227,
1.026389,
1.031250,
1.023352,
1.000000,
1.031250,
1.000000,
1.031250,
1.000000,
1.000000,
1.000000,
1.009634,
1.000000,
1.031250,
1.000000,
1.000000,
1.000000,
1.000000,
1.000000,
1.000000,
1.000000,
1.000000,
1.000000,
1.000000,
1.023214,
1.000000,
1.000000,
1.000000,
1.013341,
1.000000,
1.000000,
1.000000,
1.000000,
1.031250,
1.000000,
1.000000,
1.000000,
1.000000,
1.026310,
1.000000,
1.000000,
1.017434,
1.000000,
1.000000,
1.000000,
1.000000,
1.000000,
1.000000,
1.000000,
1.000000,
1.000000,
1.000000,
1.000000,
1.012054,
1.014475,
1.000000,
1.031250,
1.000000,
1.000000,
1.000000,
1.000000,
1.000000,
1.016774,
1.000000,
1.000000,
1.000000,
1.000000,
1.000000,
1.031250,
1.000000,
1.000000,
1.000000,
1.015625,
1.016774,
1.018099,
1.027778,
1.000000,
1.000000,
1.000000,
1.000000,
1.010078,
1.021635,
1.012475,
1.000000,
1.000000,
1.000000,
1.020433,
1.000000,
1.000000,
1.000000,
1.000000,
1.014803,
1.000000,
1.000000,
1.000000,
1.031250,
1.000000,
1.000000,
1.000000,
1.000000,
1.000000,
1.015441,
1.000000,
1.000000,
1.024439,
1.000000,
1.000000,
1.000000,
1.000000,
1.031250,
1.000000,
1.015885,
1.000000,
1.000000,
1.000000,
1.000000,
1.000000,
1.000000,
1.000000,
1.011458,
1.000000,
1.000000,
1.020450,
1.000000,
1.000000,
1.026786,
1.013317,
1.031250,
1.000000,
1.000000,
1.000000,
1.000000,
1.000000,
1.000000,
1.014766,
1.000000,
1.000000,
1.000000,
1.031250,
1.000000,
1.022569,
1.000000,
1.000000,
1.000000,
1.000000,
1.017516,
1.000000,
1.000000,
1.000000,
1.000000,
1.000000,
1.000000,
1.000000,
1.010081,
1.014063,
1.031250,
1.000000,
1.000000,
1.000000,
1.000000,
1.031250,
1.000000,
1.000000,
1.000000,
1.000000,
1.000000,
1.031250,
1.000000,
1.008369,
1.000000,
1.000000,
1.031250,
1.000000,
1.000000,
1.000000,
1.000000,
1.000000,
1.000000,
1.013055,
1.031250,
1.000000,
1.000000,
1.000000,
1.000000,
1.000000,
1.000000,
1.000000,
1.000000,
1.000000,
1.021745,
1.000000,
1.000000,
1.000000,
1.000000,
1.000000,
1.000000,
1.000000,
1.000000,
1.000000,
1.000000,
1.031250,
1.000000,
1.000000,
1.012054,
1.000000,
1.028125,
1.000000,
1.000000,
1.000000,
1.000000,
1.000000,
1.000000,
1.000000,
1.000000,
1.000000,
1.010530,
1.000000,
1.000000,
1.000000,
1.000000,
1.000000,
1.000000,
1.000000,
1.000000,
1.012500,
1.000000,
1.000000,
1.000000,
1.000000,
1.031250,
1.031250,
1.000000,
1.014803,
1.000000,
1.000000,
1.000000,
1.000000,
1.000000,
1.000000,
1.031250,
1.000000,
1.000000,
1.000000,
1.000000,
1.000000,
1.031250,
1.000000,
1.000000,
1.000000,
1.016728,
1.000000,
1.000000,
1.000000,
1.000000,
1.000000,
1.000000,
1.000000,
1.022436,
1.000000,
1.013341,
1.031250,
1.000000,
1.000000,
1.000000,
1.012784,
1.000000,
1.000000,
1.000000,
1.000000,
1.000000,
1.000000,
1.000000,
1.000000,
1.000000,
1.031250,
1.000000,
1.000000,
1.000000,
1.000000,
1.000000,
1.000000,
1.000000,
1.000000,
1.000000,
1.014093,
1.031250,
1.010530,
1.000000,
1.000000,
1.000000,
1.022794,
1.031250,
1.021307,
1.000000,
1.016964,
1.000000,
1.000000,
1.000000,
1.000000,
1.000000,
1.000000,
1.000000,
1.000000,
1.000000,
1.000000,
1.000000,
1.000000,
1.000000,
1.000000,
1.000000,
1.000000,
1.000000,
1.024840,
1.000000,
1.000000,
1.000000,
1.000000,
1.003906,
1.021307,
1.031250,
1.017510,
1.000000,
1.000000,
1.000000,
1.000000,
1.000000,
1.000000,
1.000000,
1.000000,
1.000000,
1.000000,
1.000000,
1.000000,
1.031250,
1.000000,
1.008775,
1.031250,
1.015625,
1.000000,
1.000000,
1.031250,
1.000000,
1.009511,
1.012500,
1.031250,
1.000000,
1.032552,
1.010417,
1.000000,
1.000000,
1.031250,
1.000000,
1.000000,
1.000000,
1.010913,
1.000000,
1.000000,
1.009115,
1.000000,
1.000000,
1.000000,
1.006994,
1.000000,
1.000000,
1.000000,
1.000000,
1.000000,
1.000000,
1.000000,
1.019048,
1.000000,
1.015534,
1.000000,
1.000000,
1.000000,
1.000000,
1.016815,
1.031250,
1.015625,
1.000000,
1.010104,
1.000000,
1.000000,
1.010643,
1.000000,
1.000000,
1.000000,
1.000000,
1.000000,
1.000000,
1.000000,
1.000000,
1.000000,
1.000000,
1.012500,
1.000000,
1.000000,
1.000000,
1.000000,
1.000000,
1.000000,
1.000000,
1.000000,
1.000000,
1.000000,
1.000000,
1.000000,
1.000000,
1.000000,
1.031250,
1.000000,
1.000000,
1.000000,
1.000000,
1.000000,
1.000000,
1.016964,
1.000000,
1.000000,
1.000000,
1.000000,
1.005465,
1.000000,
1.000000,
1.000000,
1.007500,
1.000000,
1.028274,
1.023264,
1.000000,
1.000000,
1.000000,
1.000000,
1.000000,
1.000000,
1.000000,
1.012352,
1.031250,
1.000000,
1.000000,
1.000000,
1.000000,
1.000000,
1.031250,
1.000000,
1.000000,
1.000000,
1.009348,
1.000000,
1.000000,
1.010993,
1.000000,
1.000000,
1.000000,
1.011117,
1.010417,
1.000000,
1.000000,
1.000000,
1.000000,
1.031250,
1.000000,
1.000000,
1.010853,
1.000000,
1.000000,
1.000000,
1.010000,
1.014163,
1.000000,
1.000000,
1.010993,
1.000000,
1.000000,
1.014340,
1.000000,
1.009269,
1.000000,
1.000000,
1.000000,
1.000000,
1.000000,
1.009712,
1.000000,
1.000000,
1.000000,
1.000000,
1.031250,
1.007500,
1.000000,
1.000000,
1.031250,
1.000000,
1.000000,
1.000000,
1.000000,
1.000000,
1.000000,
1.000000,
1.000000,
1.031250,
1.029593,
1.000000,
1.006048,
1.000000,
1.000000,
1.000000,
1.013158,
1.000000,
1.031250,
1.000000,
1.000000,
1.031250,
1.000000,
1.000000,
1.012919,
1.000000,
1.000000,
1.007515,
1.031250,
1.026442,
1.000000,
1.000000,
1.000000,
1.000000,
1.000000,
1.000000,
1.000000,
1.031250,
1.000000,
1.008280,
1.000000,
1.000000,
1.000000,
1.006462,
1.000000,
1.000000,
1.000000,
1.007254,
1.000000,
1.000000,
1.013158,
1.000000,
1.000000,
1.000000,
1.011832,
1.000000,
1.007212,
1.000000,
1.019231,
1.000000,
1.000000,
1.000000,
1.000000,
1.000000,
1.000000,
1.000000,
1.000000,
1.000000,
1.000000,
1.000000,
1.000000,
1.000000,
1.031250,
1.000000,
1.000000,
1.000000,
1.000000,
1.000000,
1.007500,
1.000000,
1.000000,
1.000000,
1.000000,
1.000000,
1.000000,
1.009526,
1.000000,
1.000000,
1.005208,
1.000000,
1.000000,
1.000000,
1.000000,
1.000000,
1.000000,
1.031250,
1.000000,
1.000000,
1.000000,
1.000000,
1.000000,
1.009115,
1.000000,
1.000000,
1.000000,
1.012919,
1.000000,
1.000000,
1.016815,
1.000000,
1.000000,
1.014985,
1.000000,
1.000000,
1.000000,
1.000000,
1.016813,
1.010078,
1.000000,
1.000000,
1.000000,
1.000000,
1.000000,
1.000000,
1.000000,
1.000000,
1.000000,
1.013542,
1.000000,
1.000000,
1.000000,
1.000000,
1.000000,
1.000000,
1.000000,
1.000000,
1.031250,
1.000000,
1.000000,
1.000000,
1.000000,
1.000000,
1.000000,
1.000000,
1.025000,
1.000000,
1.000000,
1.013839,
1.000000,
1.000000,
1.010530,
1.000000,
1.000000,
1.000000,
1.000000,
1.011719,
1.000000,
1.023810,
1.000000,
1.000000,
1.031250,
1.000000,
1.014803,
1.031250,
1.000000,
1.000000,
1.031250,
1.000000,
1.000000,
1.008102,
1.000000,
1.008405,
1.000000,
1.000000,
1.000000,
1.007292,
1.000000,
1.014936,
1.000000,
1.008132,
1.000000,
1.000000,
1.000000,
1.000000,
1.000000,
1.014227,
1.000000,
1.004464,
1.008906,
1.008750,
1.000000,
1.000000,
1.000000,
1.000000,
1.006490,
1.000000,
1.000000,
1.000000,
1.007500,
1.000000,
1.000000,
1.000000,
1.000000,
1.000000,
1.000000,
1.000000,
1.000000,
1.000000,
1.019231,
1.000000,
1.000000,
1.000000,
1.012475,
1.007500,
1.000000,
1.000000,
1.000000,
1.000000,
1.000000,
1.031250,
1.009615,
1.009011,
1.016544,
1.006696,
1.000000,
1.000000,
1.000000,
1.000000,
1.000000,
1.000000,
1.000000,
1.000000,
1.031250,
1.000000,
1.007500,
1.000000,
1.000000,
1.000000,
1.000000,
1.000000,
1.007500,
1.000000,
1.000000,
1.000000,
1.000000,
1.000000,
1.000000,
1.000000,
1.000000,
1.000000,
1.005580,
1.010104,
1.000000,
1.000000,
1.000000,
1.000000,
