45.078125,
45.078125,
45.078125,
45.078125,
45.078125,
22.741146,
21.724740,
22.088281,
23.513281,
16.015625,
13.367708,
10.183817,
13.611322,
14.492680,
14.842913,
12.587814,
10.069494,
12.112902,
11.803732,
12.032040,
8.261346,
9.223313,
7.902877,
5.641834,
8.698019,
5.227865,
6.109179,
7.117292,
8.485308,
6.101421,
5.609907,
7.074539,
3.888356,
4.359794,
3.614335,
4.840708,
4.662921,
4.186272,
4.628308,
3.858817,
4.899928,
4.122142,
4.058764,
3.993120,
4.572963,
3.764451,
4.617450,
3.470078,
6.012162,
3.287868,
3.415882,
4.281647,
4.596565,
3.479621,
3.212286,
3.439522,
3.838927,
4.013570,
3.233279,
2.802325,
3.160744,
3.177239,
3.014503,
3.040196,
3.394466,
2.672712,
3.478693,
3.241698,
2.866768,
3.741745,
2.875127,
3.106438,
2.818871,
2.617746,
3.256943,
2.782309,
2.909455,
2.338567,
2.665057,
2.803570,
2.816481,
2.646457,
2.749041,
2.897828,
2.463424,
2.535325,
2.541836,
2.433712,
2.322700,
2.237662,
2.554020,
2.487697,
2.436787,
2.118097,
2.329874,
2.551304,
2.231297,
2.444941,
2.383521,
2.214114,
1.991854,
2.212661,
2.202093,
2.300384,
2.270436,
2.293164,
2.398730,
1.733743,
2.363640,
2.241099,
2.105211,
2.296282,
2.100628,
2.102526,
1.907274,
2.181652,
2.058694,
2.169199,
2.166538,
1.640699,
2.096281,
1.881529,
1.943813,
2.055184,
2.029701,
2.118878,
1.908136,
1.870570,
1.737701,
2.076986,
1.830055,
2.168269,
2.020961,
2.079213,
1.878403,
2.011847,
1.959064,
2.014542,
1.933817,
1.724719,
1.898970,
1.691518,
1.592448,
1.999689,
1.948545,
1.967870,
1.762677,
1.704087,
2.096267,
1.515848,
2.064998,
1.828569,
1.767552,
1.699249,
1.720722,
1.673786,
1.812362,
1.643784,
1.886290,
1.704980,
1.742414,
1.733917,
1.643208,
1.859505,
1.846689,
1.655997,
1.816781,
1.628295,
1.651666,
1.621298,
1.615157,
1.647512,
1.739239,
1.593854,
1.631924,
1.945816,
1.572650,
1.693614,
1.596158,
1.655051,
1.682945,
1.565092,
1.645645,
1.708418,
1.710643,
1.832851,
1.709651,
1.627528,
1.725112,
1.658488,
1.647896,
1.673480,
1.687549,
1.854345,
1.501569,
1.669947,
1.605160,
1.718143,
1.456548,
1.591359,
1.670416,
1.618582,
2.005534,
1.611739,
1.530541,
1.478478,
1.494209,
1.611449,
1.633895,
1.506105,
1.494965,
1.491348,
1.623693,
1.494703,
1.546435,
1.589667,
1.509989,
1.550670,
1.367764,
1.551603,
1.568946,
1.555079,
1.500218,
1.556432,
1.442172,
1.470264,
1.488069,
1.474527,
1.553980,
1.443980,
1.524501,
1.613146,
1.422199,
1.509018,
1.454602,
1.452788,
1.501401,
1.364621,
1.648327,
1.498102,
1.171875,
1.475028,
1.432448,
1.491853,
1.437933,
1.404687,
1.403050,
1.480619,
1.425825,
1.382770,
1.326844,
1.244792,
1.521849,
1.374586,
1.387109,
1.520103,
1.538170,
1.424612,
1.378206,
1.513845,
1.321905,
1.413484,
1.606595,
1.457612,
1.384836,
1.347754,
1.466904,
1.330469,
1.375000,
1.278832,
1.414391,
1.391787,
1.427905,
1.339172,
1.431364,
1.422137,
1.471467,
1.344027,
1.381344,
1.426273,
1.433903,
1.336746,
1.420687,
1.470618,
1.344623,
1.343890,
1.320955,
1.448079,
1.447306,
1.448390,
1.430568,
1.400658,
1.319784,
1.339831,
1.384551,
1.266834,
1.360615,
1.311710,
1.364546,
1.339208,
1.342146,
1.306250,
1.290262,
1.262946,
1.368669,
1.285342,
1.327128,
1.317746,
1.340811,
1.301649,
1.156250,
1.343164,
1.246452,
1.234375,
1.311218,
1.226711,
1.405673,
1.383587,
1.325376,
1.315268,
1.250458,
1.295394,
1.308379,
1.300353,
1.314360,
1.303826,
1.249144,
1.265761,
1.354055,
1.364074,
1.291009,
1.312549,
1.266122,
1.290675,
1.259550,
1.268754,
1.314578,
1.249425,
1.345173,
1.365765,
1.259133,
1.282557,
1.248293,
1.309896,
1.214695,
1.296774,
1.328758,
1.290587,
1.308529,
1.323196,
1.255505,
1.228602,
1.268236,
1.294648,
1.248177,
1.241722,
1.294015,
1.311097,
1.260863,
1.283353,
1.308893,
1.246776,
1.177474,
1.256540,
1.217602,
1.285664,
1.220350,
1.253441,
1.293750,
1.189081,
1.227679,
1.250037,
1.274743,
1.261735,
1.304680,
1.291115,
1.252282,
1.353188,
1.283132,
1.289577,
1.266069,
1.217424,
1.242188,
1.256716,
1.265192,
1.296814,
1.272867,
1.245146,
1.078125,
1.229293,
1.224886,
1.210788,
1.267393,
1.215247,
1.216034,
1.125000,
1.292314,
1.307334,
1.242187,
1.264055,
1.279218,
1.263843,
1.222935,
1.225389,
1.242420,
1.262953,
1.194829,
1.247839,
1.252631,
1.227428,
1.140625,
1.300519,
1.223190,
1.226731,
1.184115,
1.213194,
1.242890,
1.209494,
1.217386,
1.223661,
1.198793,
1.156250,
1.198283,
1.227112,
1.200031,
1.236972,
1.188718,
1.223540,
1.293981,
1.208151,
1.232061,
1.165625,
1.224919,
1.213664,
1.125000,
1.238969,
1.200484,
1.219732,
1.215681,
1.205486,
1.218711,
1.181653,
1.184375,
1.180804,
1.203125,
1.247333,
1.241212,
1.200366,
1.250062,
1.232156,
1.191852,
1.191890,
1.130729,
1.153125,
1.182945,
1.196801,
1.219633,
1.240351,
1.174293,
1.215752,
1.222243,
1.150781,
1.181643,
1.140365,
1.240919,
1.227237,
1.206008,
1.220798,
1.200372,
1.230196,
1.290091,
1.199811,
1.201389,
1.170601,
1.211305,
1.211327,
1.235824,
1.164512,
1.178054,
1.217711,
1.201754,
1.230337,
1.132812,
1.183994,
1.127046,
1.183116,
1.109896,
1.235122,
1.165402,
1.211012,
1.131641,
1.169063,
1.252693,
1.194312,
1.201810,
1.199888,
1.158873,
1.210193,
1.175176,
1.152902,
1.198155,
1.213263,
1.144841,
1.143656,
1.176906,
1.159351,
1.207481,
1.164084,
1.187113,
1.191574,
1.193758,
1.190547,
1.160528,
1.185298,
1.170296,
1.213800,
1.172848,
1.204978,
1.171782,
1.214373,
1.189536,
1.201672,
1.179736,
1.194005,
1.154092,
1.189556,
1.218676,
1.062500,
1.126563,
1.213762,
1.093750,
1.216256,
1.132812,
1.154948,
1.179567,
1.211651,
1.171250,
1.134896,
1.178489,
1.153081,
1.187349,
1.104762,
1.109375,
1.173957,
1.149275,
1.165698,
1.109375,
1.185995,
1.164323,
1.155851,
1.194782,
1.159998,
1.184059,
1.179143,
1.182392,
1.192176,
1.204351,
1.178869,
1.141160,
1.182999,
1.161173,
1.136174,
1.137153,
1.141164,
1.175298,
1.195716,
1.163930,
1.141406,
1.078125,
1.197805,
1.133183,
1.153987,
1.093750,
1.093750,
1.155078,
1.093750,
1.128602,
1.181449,
1.093750,
1.172842,
1.167820,
1.093750,
1.138163,
1.078125,
1.093750,
1.168763,
1.148502,
1.145617,
1.134784,
1.132292,
1.103423,
1.158933,
1.161758,
1.078125,
1.156138,
1.118273,
1.117188,
1.179513,
1.138759,
1.157607,
1.212627,
1.144694,
1.152774,
1.174352,
1.160753,
1.093750,
1.153795,
1.118149,
1.114636,
1.190247,
1.148282,
1.183197,
1.119654,
1.129676,
1.165296,
1.132813,
1.000000,
1.128014,
1.183773,
1.124163,
1.133953,
1.046875,
1.152249,
1.101563,
1.101563,
1.143559,
1.179281,
1.000000,
1.139122,
1.119420,
1.148729,
1.161766,
1.106881,
1.147861,
1.165166,
1.156213,
1.184461,
1.118730,
1.156957,
1.149473,
1.153990,
1.191253,
1.118241,
1.138895,
1.120517,
1.119792,
1.139866,
1.156866,
1.154991,
1.139351,
1.181352,
1.229371,
1.123958,
1.137954,
1.175260,
1.108216,
1.104425,
1.104556,
1.160695,
1.128757,
1.144200,
1.169888,
1.149183,
1.138341,
1.111080,
1.149525,
1.122693,
1.133342,
1.133464,
1.158934,
1.140887,
1.137523,
1.123416,
1.154185,
1.144520,
1.136549,
1.126554,
1.121131,
1.094835,
1.186750,
1.134268,
1.144984,
1.126897,
1.128145,
1.108806,
1.124470,
1.062500,
1.104307,
1.126719,
1.116256,
1.109375,
1.119680,
1.101622,
1.062500,
1.123509,
1.141892,
1.131548,
1.134952,
1.169207,
1.113542,
1.117777,
1.089710,
1.078125,
1.185147,
1.102344,
1.124109,
1.132031,
1.117953,
1.129912,
1.062500,
1.164867,
1.137977,
1.131644,
1.149740,
1.095202,
1.116691,
1.100507,
1.122241,
1.147396,
1.149554,
1.114495,
1.114520,
1.102236,
1.117626,
1.088298,
1.140383,
1.130543,
1.127471,
1.120350,
1.078125,
1.130092,
1.133736,
1.125001,
1.118221,
1.093750,
1.121280,
1.126287,
1.106124,
1.115038,
1.114211,
1.120517,
1.123307,
1.138625,
1.122768,
1.120369,
1.107420,
1.125664,
1.103480,
1.112072,
1.118900,
1.122708,
1.078125,
1.113416,
1.062500,
1.103361,
1.115859,
1.078125,
1.137753,
1.093750,
1.117188,
1.130333,
1.078125,
1.153009,
1.054688,
1.135083,
1.119531,
1.096875,
1.117411,
1.102381,
1.109162,
1.046875,
1.115505,
1.105748,
1.079167,
1.112878,
1.000000,
1.114106,
1.091412,
1.102965,
1.102885,
1.117547,
1.109248,
1.078125,
1.108636,
1.104352,
1.093490,
1.110570,
1.115363,
1.102509,
1.078125,
1.091146,
1.110216,
1.119258,
1.110603,
1.078125,
1.115486,
1.106960,
1.078125,
1.125358,
1.077344,
1.109840,
1.083030,
1.097619,
1.087153,
1.134786,
1.062500,
1.105485,
1.085319,
1.093829,
1.078125,
1.097702,
1.095579,
1.103673,
1.116610,
1.101983,
1.079954,
1.109220,
1.078125,
1.095695,
1.099611,
1.102889,
1.107027,
1.126368,
1.104167,
1.114298,
1.086086,
1.124646,
1.105710,
1.067708,
1.074498,
1.083333,
1.117112,
1.069792,
1.130401,
1.098729,
1.062500,
1.046875,
1.107252,
1.115227,
1.087531,
1.091406,
1.078125,
1.111845,
1.062500,
1.060193,
1.102804,
1.089844,
1.119587,
1.108631,
1.062500,
1.095052,
1.081155,
1.097948,
1.071094,
1.091540,
1.088062,
1.078125,
1.046875,
1.100705,
1.062500,
1.062500,
1.106098,
1.099041,
1.070312,
1.096494,
1.085374,
1.093497,
1.093421,
1.046875,
1.093750,
1.109920,
1.088823,
1.114240,
1.116518,
1.046875,
1.110477,
1.101326,
1.080990,
1.015625,
1.074479,
1.103163,
1.046875,
1.118750,
1.080745,
1.091191,
1.109375,
1.078125,
1.095110,
1.031250,
1.092076,
1.000000,
1.107031,
1.094281,
1.097340,
1.079782,
1.093392,
1.113700,
1.088203,
1.094423,
1.098747,
1.076404,
1.079282,
1.061012,
1.118432,
1.062500,
1.098443,
1.031250,
1.081771,
1.095213,
1.062500,
1.079688,
1.112382,
1.118248,
1.108346,
1.093750,
1.000000,
1.091133,
1.104376,
1.096875,
1.062500,
1.066619,
1.062500,
1.061458,
1.090191,
1.086980,
1.084356,
1.081101,
1.094010,
1.104167,
1.123500,
1.062500,
1.099103,
1.114509,
1.114118,
1.092235,
1.053125,
1.046875,
1.093750,
1.092522,
1.106179,
1.081440,
1.062500,
1.111976,
1.075043,
1.089680,
1.069317,
1.083602,
1.104241,
1.099006,
1.031250,
1.093395,
1.106373,
1.097396,
1.046875,
1.076231,
1.066592,
1.083736,
1.083594,
1.048735,
1.046875,
1.088672,
1.060938,
1.072467,
1.059710,
1.106504,
1.077865,
1.062500,
1.096657,
1.076489,
1.078125,
1.084458,
1.099479,
1.070850,
1.096354,
1.093750,
1.098940,
1.074479,
1.082868,
1.082691,
1.099588,
1.068837,
1.076854,
1.077604,
1.087568,
1.116295,
1.076637,
1.068845,
1.083964,
1.091387,
1.117981,
1.092197,
1.062500,
1.083733,
1.061384,
1.000000,
1.092021,
1.083590,
1.103921,
1.084417,
1.046875,
1.031250,
1.093196,
1.095471,
1.073140,
1.087413,
1.072917,
1.089583,
1.074527,
1.102530,
1.081676,
1.077344,
1.100967,
1.086284,
1.098884,
1.031250,
1.121670,
1.079869,
1.074479,
1.081473,
1.129191,
1.062500,
1.080448,
1.083302,
1.071665,
1.078125,
1.052083,
1.095362,
1.064354,
1.092042,
1.098021,
1.080689,
1.062500,
1.075288,
1.072101,
1.083017,
1.076525,
1.068769,
1.087001,
1.075521,
1.015625,
1.000000,
1.072039,
1.061979,
1.073165,
1.091282,
1.078819,
1.072266,
1.068056,
1.078238,
1.031250,
1.075056,
1.046875,
1.065104,
1.088170,
1.089063,
1.077604,
1.086676,
1.046875,
1.090014,
1.057943,
1.078125,
1.089658,
1.064918,
1.065631,
1.046875,
1.085953,
1.099395,
1.112908,
1.075781,
1.066607,
1.046875,
1.073723,
1.046875,
1.078125,
1.046875,
1.054688,
1.090104,
1.046875,
1.089944,
1.000000,
1.092727,
1.073700,
1.054688,
1.073047,
1.072138,
1.076476,
1.052083,
1.088462,
1.080078,
1.076730,
1.087604,
1.053497,
1.062500,
1.072917,
1.077052,
1.084812,
1.098438,
1.031250,
1.064063,
1.067150,
1.080469,
1.106929,
1.087358,
1.078125,
1.086217,
1.052083,
1.000000,
1.059431,
1.090360,
1.065104,
1.076980,
1.046875,
1.077734,
1.046224,
1.059431,
1.000000,
1.065009,
1.065011,
1.087649,
1.093638,
1.051563,
1.074769,
1.080375,
1.036458,
1.078317,
1.062500,
1.078869,
1.080642,
1.060938,
1.083921,
1.031250,
1.046875,
1.046875,
1.067708,
1.066294,
1.112723,
1.063865,
1.046875,
1.068779,
1.062500,
1.065972,
1.065104,
1.083063,
1.073106,
1.064205,
1.062500,
1.089627,
1.041220,
1.062500,
1.050521,
1.015625,
1.078391,
1.077782,
1.077381,
1.066390,
1.061719,
1.075756,
1.091911,
1.091786,
1.076563,
1.092808,
1.067925,
1.068444,
1.062500,
1.058160,
1.062202,
1.054688,
1.064276,
1.077180,
1.093750,
1.066024,
1.086466,
1.076491,
1.072179,
1.065483,
1.083333,
1.069172,
1.053082,
1.083462,
1.061384,
1.069677,
1.046875,
1.075933,
1.072396,
1.062128,
1.104985,
1.052513,
1.048785,
1.031250,
1.103101,
1.015625,
1.069579,
1.057571,
1.082249,
1.065290,
1.052241,
1.089583,
1.065608,
1.046603,
1.076967,
1.031250,
1.065923,
1.060227,
1.076302,
1.069058,
1.042690,
1.064763,
1.056652,
1.064446,
1.032031,
1.026042,
1.081291,
1.082358,
1.064505,
1.076042,
1.060626,
1.068643,
1.046875,
1.045313,
1.078212,
1.058642,
1.049219,
1.077180,
1.044271,
1.074645,
1.066698,
1.056835,
1.044792,
1.054688,
1.057986,
1.051583,
1.049219,
1.046875,
1.082291,
1.072070,
1.031250,
1.031250,
1.075823,
1.065967,
1.085938,
1.078125,
1.044922,
1.101144,
1.078125,
1.046875,
1.061111,
1.062200,
1.000000,
1.062532,
1.078125,
1.073274,
1.087221,
1.067584,
1.046875,
1.039062,
1.031250,
1.046832,
1.041667,
1.066929,
1.031250,
1.054967,
1.062500,
1.046875,
1.000000,
1.065316,
1.052011,
1.067969,
1.051085,
1.051563,
1.045312,
1.058854,
1.036148,
1.000000,
1.065002,
1.063281,
1.056422,
1.062263,
1.075347,
1.062500,
1.031250,
1.065365,
1.087444,
1.031250,
1.062500,
1.000000,
1.000000,
1.058933,
1.047977,
1.065848,
1.075339,
1.078125,
1.061648,
1.053319,
1.069037,
1.071832,
1.075633,
1.066395,
1.048084,
1.053830,
1.031994,
1.031250,
1.061481,
1.065814,
1.074483,
1.058408,
1.085554,
1.000000,
1.000000,
1.000000,
1.068924,
1.073666,
1.031250,
1.078125,
1.056467,
1.000000,
1.062500,
1.064236,
1.059069,
1.000000,
1.062551,
1.078646,
1.046875,
1.038765,
1.064913,
1.078125,
1.046875,
1.059150,
1.046875,
1.062221,
1.059979,
1.048828,
1.064600,
1.070313,
1.000000,
1.062169,
1.073523,
1.060926,
1.000000,
1.046875,
1.066893,
1.015625,
1.046875,
1.062500,
1.066619,
1.031250,
1.048152,
1.000000,
1.054999,
1.042641,
1.073438,
1.000000,
1.031250,
1.058780,
1.062593,
1.050000,
1.051563,
1.059375,
1.068750,
1.039583,
1.064962,
1.091146,
1.034040,
1.062190,
1.038542,
1.072375,
1.047712,
1.066614,
1.060330,
1.070456,
1.046875,
1.046875,
1.046875,
1.057702,
1.062723,
1.046875,
1.078125,
1.097532,
1.069353,
1.074740,
1.046875,
1.045759,
1.046875,
1.049416,
1.063046,
1.000000,
1.049479,
1.062500,
1.066964,
1.049747,
1.046875,
1.026042,
1.046875,
1.046875,
1.070302,
1.031250,
1.057292,
1.075260,
1.046875,
1.060032,
1.040458,
1.000000,
1.079396,
1.070306,
1.063718,
1.071558,
1.059266,
1.056345,
1.062500,
1.066158,
1.015625,
1.061942,
1.060277,
1.048437,
1.053430,
1.064081,
1.000000,
1.041295,
1.057813,
1.048438,
1.000000,
1.064241,
1.062686,
1.095081,
1.061954,
1.031250,
1.069100,
1.054967,
1.062929,
1.059989,
1.031250,
1.039679,
1.062283,
1.000000,
1.061281,
1.031250,
1.031250,
1.040923,
1.039062,
1.057097,
1.031250,
1.049479,
1.054688,
1.044643,
1.046617,
1.046875,
1.061680,
1.031250,
1.015625,
1.051563,
1.047376,
1.062500,
1.071714,
1.059792,
1.000000,
1.059072,
1.059124,
1.000000,
1.066406,
1.059474,
1.015625,
1.065928,
1.065011,
1.053109,
1.067952,
1.047154,
1.078125,
1.048003,
1.056548,
1.031250,
1.046875,
1.055246,
1.055264,
1.046875,
1.058951,
1.000000,
1.047475,
1.046875,
1.057044,
1.062119,
1.050781,
1.000000,
1.068564,
1.031250,
1.098810,
1.053534,
1.062066,
1.031250,
1.048438,
1.046224,
1.051176,
1.000000,
1.046875,
1.051618,
1.061694,
1.029647,
1.054096,
1.015625,
1.068490,
1.050174,
1.036458,
1.044460,
1.056771,
1.062500,
1.062500,
1.050347,
1.056565,
1.054067,
1.049716,
1.043925,
1.046875,
1.046224,
1.048016,
1.056144,
1.050936,
1.042361,
1.046875,
1.032738,
1.050884,
1.000000,
1.061719,
1.064063,
1.000000,
1.041006,
1.052202,
1.055403,
1.043576,
1.055506,
1.058026,
1.046240,
1.068292,
1.056771,
1.031250,
1.046038,
1.042708,
1.048958,
1.031250,
1.057100,
1.000000,
1.065710,
1.000000,
1.046875,
1.015625,
1.056083,
1.041295,
1.046875,
1.057664,
1.049231,
1.054688,
1.015625,
1.060603,
1.060299,
1.057635,
1.031250,
1.049147,
1.075428,
1.045313,
1.059198,
1.000000,
1.049332,
1.060451,
1.000000,
1.059896,
1.046875,
1.045683,
1.066406,
1.054896,
1.031250,
1.034970,
1.048828,
1.031250,
1.045218,
1.052083,
1.057118,
1.050371,
1.038116,
1.047159,
1.050000,
1.054688,
1.058780,
1.035640,
1.043880,
1.041477,
1.044627,
1.048735,
1.048975,
1.058157,
1.055303,
1.063120,
1.054688,
1.055469,
1.000000,
1.039062,
1.050863,
1.031250,
1.000000,
1.031250,
1.030124,
1.041066,
1.077753,
1.056083,
1.050521,
1.058507,
1.051630,
1.046512,
1.044271,
1.015625,
1.044643,
1.046661,
1.031250,
1.039062,
1.046410,
1.043226,
1.055196,
1.046634,
1.060713,
1.060439,
1.054241,
1.045976,
1.031250,
1.000000,
1.046354,
1.000000,
1.078125,
1.062686,
1.050426,
1.047105,
1.052083,
1.043750,
1.015625,
1.041493,
1.062500,
1.056530,
1.041450,
1.055848,
1.047286,
1.043750,
1.042132,
1.046709,
1.031250,
1.041667,
1.056487,
1.048438,
1.049603,
1.041276,
1.061719,
1.041276,
1.040194,
1.059094,
1.060260,
1.040139,
1.043149,
1.050398,
1.031250,
1.045313,
1.029018,
1.046875,
1.054688,
1.050608,
1.054167,
1.031250,
1.015625,
1.061012,
1.051060,
1.000000,
1.061742,
1.000000,
1.036458,
1.015625,
1.063344,
1.000000,
1.023438,
1.000000,
1.054967,
1.046875,
1.019531,
1.031250,
1.042188,
1.000000,
1.049988,
1.029297,
1.046875,
1.043277,
1.031250,
1.050409,
1.015625,
1.053509,
1.050037,
1.046658,
1.051141,
1.000000,
1.000000,
1.055066,
1.015625,
1.046016,
1.047917,
1.055620,
1.031250,
1.055845,
1.062500,
1.046875,
1.032812,
1.053472,
1.050781,
1.000000,
1.000000,
1.000000,
1.031250,
1.000000,
1.000000,
1.031250,
1.040278,
1.015625,
1.038739,
1.044923,
1.026626,
1.000000,
1.054418,
1.000000,
1.040021,
1.000000,
1.031033,
1.045387,
1.041856,
1.045313,
1.057565,
1.026786,
1.036458,
1.038370,
1.043750,
1.047187,
1.056882,
1.050781,
1.031250,
1.034375,
1.049388,
1.039844,
1.015625,
1.047712,
1.073915,
1.046766,
1.046875,
1.031250,
1.046875,
1.054948,
1.046875,
1.059431,
1.056250,
1.039062,
1.061514,
1.043155,
1.045976,
1.041582,
1.033854,
1.050028,
1.035466,
1.043155,
1.033507,
1.015625,
1.042857,
1.047656,
1.000000,
1.000000,
1.057670,
1.026786,
1.048068,
1.031250,
1.048438,
1.068080,
1.047247,
1.056062,
1.000000,
1.046875,
1.057910,
1.000000,
1.047611,
1.040365,
1.015625,
1.042062,
1.053909,
1.043679,
1.039765,
1.046875,
1.054688,
1.000000,
1.039062,
1.046875,
1.046875,
1.000000,
1.028125,
1.015625,
1.053850,
1.000000,
1.015625,
1.000000,
1.027817,
1.015625,
1.046875,
1.000000,
1.031250,
1.058873,
1.050347,
1.046875,
1.051769,
1.036914,
1.044147,
1.031250,
1.015625,
1.031250,
1.023438,
1.037674,
1.062500,
1.023438,
1.035651,
1.049079,
1.000000,
1.027902,
1.042156,
1.000000,
1.028646,
1.043372,
1.015625,
1.015625,
1.047322,
1.000000,
1.044618,
1.031250,
1.046875,
1.046591,
1.044064,
1.042535,
1.040799,
1.036886,
1.000000,
1.045762,
1.047711,
1.026563,
1.042721,
1.029297,
1.015625,
1.046875,
1.000000,
1.032812,
1.043189,
1.048493,
1.042966,
1.042420,
1.015625,
1.043919,
1.031250,
1.031250,
1.029762,
1.015625,
1.043750,
1.037429,
1.035886,
1.046999,
1.046875,
1.042978,
1.043750,
1.036229,
1.045672,
1.041821,
1.047625,
1.051675,
1.031250,
1.015625,
1.029522,
1.028125,
1.042468,
1.015625,
1.031250,
1.056548,
1.015625,
1.059617,
1.000000,
1.043899,
1.046875,
1.000000,
1.037109,
1.057738,
1.055508,
1.000000,
1.037512,
1.049460,
1.000000,
1.000000,
1.031350,
1.068229,
1.044744,
1.000000,
1.041602,
1.032031,
1.052920,
1.032652,
1.015625,
1.049603,
1.058873,
1.045055,
1.015625,
1.043527,
1.034770,
1.045881,
1.000000,
1.049150,
1.000000,
1.000000,
1.015625,
1.040465,
1.055506,
1.000000,
1.031250,
1.042523,
1.036012,
1.031250,
1.000000,
1.031250,
1.058594,
1.015625,
1.042693,
1.028125,
1.046875,
1.043527,
1.037713,
1.015625,
1.030723,
1.044085,
1.035119,
1.040460,
1.045449,
1.031076,
1.031250,
1.015625,
1.062500,
1.031250,
1.031250,
1.031250,
1.040179,
1.000000,
1.046875,
1.047656,
1.028125,
1.057813,
1.045583,
1.035938,
1.042685,
1.033523,
1.027083,
1.050223,
1.000000,
1.015625,
1.044279,
1.000000,
1.049107,
1.029855,
1.015625,
1.030208,
1.043576,
1.023996,
1.046094,
1.044600,
1.046596,
1.047656,
1.031250,
1.031250,
1.000000,
1.015625,
1.037667,
1.000000,
1.050502,
1.038247,
1.031250,
1.034970,
1.015625,
1.028125,
1.031250,
1.031696,
1.048549,
1.042287,
1.029576,
1.047419,
1.052802,
1.000000,
1.000000,
1.057199,
1.036148,
1.034375,
1.000000,
1.035742,
1.040393,
1.039489,
1.032118,
1.015625,
1.000000,
1.024306,
1.000000,
1.055208,
1.031250,
1.040179,
1.056083,
1.046875,
1.048438,
1.054067,
1.034957,
1.045513,
1.056771,
1.032031,
1.000000,
1.043173,
1.041884,
1.000000,
1.000000,
1.037128,
1.031250,
1.029855,
1.052604,
1.031250,
1.029390,
1.000000,
1.046410,
1.046875,
1.037595,
1.031250,
1.039748,
1.031250,
1.027699,
1.029948,
1.046094,
1.031250,
1.000000,
1.015625,
1.059659,
1.030506,
1.030540,
1.049200,
1.000000,
1.015625,
1.031250,
1.042721,
1.044531,
1.015625,
1.032769,
1.046875,
1.029762,
1.044488,
1.031250,
1.000000,
1.040909,
1.015625,
