6.250000,
6.250000,
6.250000,
6.250000,
6.250000,
2.885417,
1.916667,
3.500447,
3.243750,
1.750000,
3.507436,
3.468161,
3.663726,
2.875000,
2.753581,
2.391313,
3.555934,
2.699325,
2.362649,
1.786783,
1.968804,
3.276383,
3.256101,
1.125000,
1.125000,
1.333333,
1.801640,
1.000000,
2.050595,
1.962732,
2.284338,
1.250000,
1.801738,
1.000000,
1.798525,
1.250000,
1.751385,
1.611409,
1.755671,
1.480361,
1.589658,
1.250000,
1.368527,
1.125000,
1.126238,
1.250000,
1.000000,
1.250000,
1.125000,
1.291667,
1.125000,
1.233929,
1.000000,
1.162264,
1.296668,
1.000000,
1.322220,
1.062500,
1.000000,
1.125000,
1.166667,
1.250000,
1.000000,
1.259970,
1.000000,
1.000000,
1.000000,
1.487053,
1.000000,
1.000000,
1.112500,
1.000000,
1.125000,
1.000000,
1.333333,
1.125000,
1.000000,
1.000000,
1.186595,
1.000000,
1.000000,
1.104136,
1.125000,
1.158838,
1.125000,
1.123783,
1.125000,
1.000000,
1.000000,
1.000000,
1.152975,
1.125000,
1.000000,
1.125000,
1.125000,
1.123804,
1.000000,
1.000000,
1.125000,
1.000000,
1.281541,
1.000000,
1.160962,
1.000000,
1.000000,
1.000000,
1.125000,
1.117815,
1.122755,
1.105969,
1.000000,
1.125000,
1.119464,
1.094648,
1.137456,
1.120853,
1.000000,
1.000000,
1.000000,
1.077497,
1.125000,
1.000000,
1.000000,
1.125000,
1.125000,
1.000000,
1.000000,
1.000000,
1.125000,
1.000000,
1.000000,
1.074806,
1.129121,
1.000000,
1.000000,
1.000000,
1.125000,
1.000000,
1.000000,
1.000000,
1.088675,
1.000000,
1.000000,
1.000000,
1.000000,
1.125000,
1.145833,
1.000000,
1.125000,
1.131525,
1.125000,
1.000000,
1.000000,
1.000000,
1.000000,
1.000000,
1.000000,
1.125000,
1.000000,
1.000000,
1.125000,
1.071675,
1.000000,
1.125000,
1.000000,
1.000000,
1.000000,
1.000000,
1.000000,
1.000000,
1.000000,
1.000000,
1.125000,
1.000000,
1.000000,
1.000000,
1.000000,
1.000000,
1.000000,
1.057484,
1.000000,
1.052654,
1.000000,
1.000000,
1.000000,
1.000000,
1.060781,
1.000000,
1.000000,
1.125000,
1.000000,
1.125000,
1.045263,
1.000000,
1.000000,
1.000000,
1.000000,
1.000000,
1.069438,
1.000000,
1.000000,
1.000000,
1.000000,
1.000000,
1.000000,
1.000000,
1.000000,
1.000000,
1.000000,
1.040850,
1.000000,
1.082378,
1.000000,
1.000000,
1.000000,
1.000000,
1.000000,
1.000000,
1.000000,
1.000000,
1.000000,
1.000000,
1.000000,
1.000000,
1.108333,
1.000000,
1.000000,
1.000000,
1.000000,
1.000000,
1.000000,
1.000000,
1.000000,
1.000000,
1.000000,
1.000000,
1.041339,
1.000000,
1.000000,
1.000000,
1.000000,
1.051286,
1.000000,
1.000000,
1.000000,
1.000000,
1.000000,
1.000000,
1.000000,
1.000000,
1.040840,
1.000000,
1.000000,
1.000000,
1.000000,
1.000000,
1.000000,
1.125000,
1.000000,
1.000000,
1.000000,
1.000000,
1.000000,
1.000000,
1.050529,
1.000000,
1.125000,
1.000000,
1.000000,
1.000000,
1.000000,
1.000000,
1.000000,
1.000000,
1.000000,
1.000000,
1.000000,
1.032962,
1.000000,
1.000000,
1.000000,
1.000000,
1.000000,
1.000000,
1.000000,
1.000000,
1.000000,
1.000000,
1.000000,
1.000000,
1.000000,
1.125000,
1.000000,
1.000000,
1.000000,
1.000000,
1.125000,
1.000000,
1.000000,
1.000000,
1.000000,
1.125000,
1.000000,
1.000000,
1.000000,
1.000000,
1.000000,
1.000000,
1.000000,
1.000000,
1.000000,
1.038953,
1.000000,
1.000000,
1.000000,
1.000000,
1.000000,
1.000000,
1.039455,
1.125000,
1.000000,
1.000000,
1.027429,
1.000000,
1.000000,
1.000000,
1.000000,
1.000000,
1.029464,
1.030522,
1.000000,
1.000000,
1.000000,
1.000000,
1.000000,
1.000000,
1.000000,
1.000000,
1.000000,
1.000000,
1.000000,
1.000000,
1.000000,
1.000000,
1.000000,
1.000000,
1.000000,
1.023385,
1.000000,
1.000000,
1.000000,
1.020701,
1.000000,
1.000000,
1.000000,
1.000000,
1.035019,
1.000000,
1.000000,
1.000000,
1.000000,
1.000000,
1.007812,
1.000000,
1.000000,
1.000000,
1.000000,
1.000000,
1.000000,
1.000000,
1.000000,
1.000000,
1.020838,
1.000000,
1.000000,
1.000000,
1.000000,
1.000000,
1.030435,
1.012500,
1.000000,
1.022056,
1.000000,
1.000000,
1.010257,
1.000000,
1.000000,
1.000000,
1.000000,
1.000000,
1.000000,
1.000000,
1.000000,
1.000000,
1.000000,
1.000000,
1.016713,
1.125000,
1.000000,
1.000000,
1.024743,
1.000000,
1.125000,
1.000000,
1.000000,
1.000000,
1.000000,
1.000000,
1.000000,
1.000000,
1.000000,
1.000000,
1.000000,
1.000000,
1.000000,
1.000000,
1.000000,
1.000000,
1.000000,
1.000000,
1.000000,
1.000000,
1.000000,
1.000000,
1.000000,
1.000000,
1.000000,
1.000000,
1.000000,
1.000000,
1.000000,
1.000000,
1.000000,
1.000000,
1.022114,
1.000000,
1.000000,
1.000000,
1.000000,
1.000000,
1.000000,
1.000000,
1.000000,
1.000000,
1.000000,
1.000000,
1.000000,
1.007353,
1.000000,
1.000000,
1.000000,
1.000000,
1.000000,
1.000000,
1.000000,
1.000000,
1.000000,
1.000000,
1.000000,
1.000000,
1.000000,
1.000000,
1.000000,
1.000000,
1.000000,
1.000000,
1.000000,
1.000000,
1.027544,
1.020892,
1.000000,
1.000000,
1.000000,
1.000000,
1.000000,
1.000000,
1.000000,
1.000000,
1.000000,
1.000000,
1.000000,
1.000000,
1.000000,
1.024742,
1.000000,
1.000000,
1.000000,
1.000000,
1.000000,
1.000000,
1.000000,
1.000000,
1.000000,
1.000000,
1.000000,
1.000000,
1.000000,
1.000000,
1.000000,
1.000000,
1.000000,
1.000000,
1.000000,
1.000000,
1.000000,
1.000000,
1.000000,
1.014163,
1.000000,
1.000000,
1.000000,
1.000000,
1.000000,
1.000000,
1.000000,
1.000000,
1.000000,
1.000000,
1.000000,
1.000000,
1.000000,
1.000000,
1.000000,
1.000000,
1.000000,
1.018042,
1.000000,
1.000000,
1.000000,
1.000000,
1.000000,
1.000000,
1.000000,
1.000000,
1.000000,
1.000000,
1.000000,
1.000000,
1.000000,
1.000000,
1.000000,
1.010297,
1.000000,
1.000000,
1.000000,
1.000000,
1.000000,
1.000000,
1.014216,
1.000000,
1.000000,
1.000000,
1.000000,
1.012887,
1.000000,
1.000000,
1.125000,
1.000000,
1.000000,
1.000000,
1.000000,
1.000000,
1.000000,
1.000000,
1.000000,
1.000000,
1.015625,
1.000000,
1.022112,
1.000000,
1.000000,
1.000000,
1.000000,
1.000000,
1.000000,
1.000000,
1.024883,
1.000000,
1.000000,
1.000000,
1.000000,
1.015600,
1.000000,
1.000000,
1.000000,
1.000000,
1.000000,
1.000000,
1.000000,
1.000000,
1.000000,
1.000000,
1.000000,
1.000000,
1.000000,
1.000000,
1.000000,
1.000000,
1.000000,
1.000000,
1.000000,
1.000000,
1.000000,
1.000000,
1.000000,
1.000000,
1.000000,
1.000000,
1.125000,
1.000000,
1.000000,
1.000000,
1.000000,
1.000000,
1.000000,
1.014243,
1.000000,
1.000000,
1.000000,
1.000000,
1.000000,
1.000000,
1.000000,
1.000000,
1.000000,
1.005128,
1.000000,
1.000000,
1.000000,
1.000000,
1.000000,
1.000000,
1.000000,
1.000000,
1.000000,
1.000000,
1.000000,
1.000000,
1.000000,
1.000000,
1.000000,
1.000000,
1.000000,
1.000000,
1.000000,
1.000000,
1.000000,
1.000000,
1.000000,
1.000000,
1.000000,
1.015546,
1.000000,
1.031250,
1.000000,
1.000000,
1.000000,
1.000000,
1.000000,
1.000000,
1.000000,
1.000000,
1.000000,
1.000000,
1.000000,
1.000000,
1.000000,
1.000000,
1.000000,
1.000000,
1.000000,
1.000000,
1.000000,
1.000000,
1.000000,
1.016795,
1.000000,
1.000000,
1.000000,
1.000000,
1.000000,
1.000000,
1.000000,
1.000000,
1.000000,
1.000000,
1.000000,
1.000000,
1.000000,
1.000000,
1.000000,
1.000000,
1.000000,
1.000000,
1.000000,
1.000000,
1.000000,
1.000000,
1.000000,
1.000000,
1.000000,
1.000000,
1.000000,
1.000000,
1.000000,
1.012887,
1.000000,
1.000000,
1.000000,
1.000000,
1.000000,
1.000000,
1.000000,
1.011585,
1.000000,
1.000000,
1.000000,
1.000000,
1.000000,
1.015491,
1.000000,
1.000000,
1.000000,
1.000000,
1.000000,
1.000000,
1.000000,
1.000000,
1.000000,
1.000000,
1.000000,
1.000000,
1.000000,
1.000000,
1.000000,
1.000000,
1.000000,
1.016820,
1.000000,
1.000000,
1.000000,
1.000000,
1.000000,
1.000000,
1.000000,
1.000000,
1.000000,
1.000000,
1.000000,
1.000000,
1.000000,
1.000000,
1.026101,
1.000000,
1.000000,
1.000000,
1.000000,
1.000000,
1.000000,
1.000000,
1.000000,
1.000000,
1.000000,
1.000000,
1.000000,
1.016928,
1.000000,
1.000000,
1.000000,
1.000000,
1.000000,
1.000000,
1.000000,
1.000000,
1.000000,
1.000000,
1.000000,
1.000000,
1.000000,
1.000000,
1.000000,
1.000000,
1.000000,
1.000000,
1.000000,
1.000000,
1.000000,
1.000000,
1.000000,
1.000000,
1.000000,
1.000000,
1.000000,
1.000000,
1.010310,
1.000000,
1.007733,
1.000000,
1.000000,
1.000000,
1.000000,
1.000000,
1.000000,
1.000000,
1.000000,
1.000000,
1.000000,
1.011558,
1.000000,
1.000000,
1.000000,
1.000000,
1.000000,
1.000000,
1.000000,
1.000000,
1.000000,
1.000000,
1.000000,
1.000000,
1.000000,
1.000000,
1.000000,
1.000000,
1.000000,
1.000000,
1.000000,
1.000000,
1.000000,
1.000000,
1.000000,
1.000000,
1.000000,
1.020833,
1.000000,
1.000000,
1.000000,
1.000000,
1.000000,
1.000000,
1.000000,
1.000000,
1.000000,
1.000000,
1.000000,
1.000000,
1.000000,
1.000000,
1.000000,
1.000000,
1.000000,
1.000000,
1.000000,
1.000000,
1.000000,
1.000000,
1.000000,
1.000000,
1.000000,
1.000000,
1.000000,
1.000000,
1.000000,
1.000000,
1.000000,
1.000000,
1.000000,
1.000000,
1.000000,
1.000000,
1.007706,
1.000000,
1.000000,
1.000000,
1.000000,
1.000000,
1.000000,
1.000000,
1.000000,
1.000000,
1.000000,
1.000000,
1.000000,
1.000000,
1.000000,
1.000000,
1.000000,
1.000000,
1.000000,
1.000000,
1.000000,
1.000000,
1.000000,
1.000000,
1.000000,
1.000000,
1.000000,
1.000000,
1.000000,
1.000000,
1.000000,
1.000000,
1.000000,
1.000000,
1.000000,
1.000000,
1.000000,
1.000000,
1.000000,
1.000000,
1.000000,
1.000000,
1.000000,
1.000000,
1.000000,
1.006404,
1.000000,
1.000000,
1.000000,
1.000000,
1.000000,
1.000000,
1.000000,
1.000000,
1.000000,
1.000000,
1.000000,
1.000000,
1.000000,
1.000000,
1.000000,
1.000000,
1.000000,
1.007653,
1.000000,
1.000000,
1.016740,
1.000000,
1.000000,
1.000000,
1.000000,
1.000000,
1.000000,
1.000000,
1.000000,
1.000000,
1.000000,
1.000000,
1.000000,
1.000000,
1.000000,
1.000000,
1.000000,
1.010391,
1.000000,
1.000000,
1.000000,
1.000000,
1.000000,
1.000000,
1.000000,
1.000000,
1.000000,
1.009035,
1.000000,
1.000000,
1.007679,
1.000000,
1.000000,
1.004032,
1.000000,
1.000000,
1.008981,
1.000000,
1.000000,
1.000000,
1.000000,
1.000000,
1.000000,
1.000000,
1.000000,
1.000000,
1.000000,
1.000000,
1.000000,
1.000000,
1.000000,
1.000000,
1.000000,
1.000000,
1.000000,
1.000000,
1.000000,
1.000000,
1.000000,
1.000000,
1.000000,
1.000000,
1.000000,
1.000000,
1.000000,
1.000000,
1.000000,
1.000000,
1.000000,
1.000000,
1.000000,
1.000000,
1.000000,
1.000000,
1.000000,
1.014243,
1.000000,
1.000000,
1.008955,
1.000000,
1.000000,
1.000000,
1.000000,
1.000000,
1.000000,
1.000000,
1.000000,
1.000000,
1.000000,
1.000000,
1.000000,
1.000000,
1.000000,
1.000000,
1.000000,
1.000000,
1.000000,
1.010391,
1.000000,
1.000000,
1.007706,
1.000000,
1.000000,
1.000000,
1.000000,
1.000000,
1.000000,
1.000000,
1.000000,
1.000000,
1.000000,
1.000000,
1.000000,
1.000000,
1.000000,
1.000000,
1.000000,
1.000000,
1.000000,
1.000000,
1.000000,
1.000000,
1.000000,
1.000000,
1.000000,
1.000000,
1.000000,
1.000000,
1.000000,
1.000000,
1.000000,
1.000000,
1.000000,
1.000000,
1.000000,
1.000000,
1.000000,
1.000000,
1.000000,
1.000000,
1.000000,
1.000000,
1.000000,
1.000000,
1.000000,
1.000000,
1.000000,
1.000000,
1.000000,
1.000000,
1.000000,
1.000000,
1.000000,
1.000000,
1.000000,
1.000000,
1.000000,
1.000000,
1.000000,
1.000000,
1.000000,
1.000000,
1.000000,
1.000000,
1.000000,
1.000000,
1.000000,
1.000000,
1.000000,
1.000000,
1.000000,
1.000000,
1.000000,
1.000000,
1.000000,
1.000000,
1.000000,
1.000000,
1.000000,
1.000000,
1.000000,
1.000000,
1.000000,
1.000000,
1.000000,
1.000000,
1.000000,
1.000000,
1.000000,
1.000000,
1.000000,
1.000000,
1.000000,
1.000000,
1.000000,
1.000000,
1.000000,
1.000000,
1.000000,
1.000000,
1.000000,
1.000000,
1.000000,
1.000000,
1.000000,
1.000000,
1.000000,
1.000000,
1.000000,
1.000000,
1.000000,
1.000000,
1.000000,
1.000000,
1.000000,
1.000000,
1.000000,
1.000000,
1.000000,
1.000000,
1.000000,
1.000000,
1.000000,
1.000000,
1.000000,
1.000000,
1.000000,
1.000000,
1.000000,
1.000000,
1.000000,
1.000000,
1.000000,
1.000000,
1.000000,
1.000000,
1.000000,
1.005128,
1.000000,
1.000000,
1.000000,
1.000000,
1.000000,
1.000000,
1.000000,
1.000000,
1.000000,
1.000000,
1.000000,
1.000000,
1.000000,
1.000000,
1.000000,
1.000000,
1.000000,
1.000000,
1.000000,
1.000000,
1.000000,
1.000000,
1.000000,
1.000000,
1.000000,
1.000000,
1.000000,
1.000000,
1.000000,
1.000000,
1.000000,
1.000000,
1.000000,
1.000000,
1.000000,
1.000000,
1.000000,
1.000000,
1.000000,
1.000000,
1.000000,
1.000000,
1.000000,
1.000000,
1.000000,
1.000000,
1.000000,
1.000000,
1.000000,
1.000000,
1.000000,
1.000000,
1.000000,
1.000000,
1.000000,
1.000000,
1.000000,
1.000000,
1.000000,
1.000000,
1.000000,
1.000000,
1.000000,
1.000000,
1.000000,
1.000000,
1.000000,
1.000000,
1.000000,
1.000000,
1.000000,
1.000000,
1.000000,
1.000000,
1.000000,
1.000000,
1.000000,
1.000000,
1.000000,
1.000000,
1.012929,
1.000000,
1.000000,
1.000000,
1.000000,
1.000000,
1.000000,
1.000000,
1.000000,
1.000000,
1.000000,
1.000000,
1.000000,
1.000000,
1.000000,
1.000000,
1.000000,
1.000000,
1.000000,
1.000000,
1.000000,
1.000000,
1.000000,
1.000000,
1.000000,
1.000000,
1.000000,
1.000000,
1.000000,
1.000000,
1.000000,
1.000000,
1.000000,
1.000000,
1.000000,
1.000000,
1.000000,
1.000000,
1.000000,
1.000000,
1.000000,
1.000000,
1.000000,
1.000000,
1.000000,
1.000000,
1.000000,
1.000000,
1.000000,
1.000000,
1.000000,
1.000000,
1.000000,
1.000000,
1.000000,
1.000000,
1.000000,
1.000000,
1.000000,
1.000000,
1.000000,
1.000000,
1.000000,
1.000000,
1.000000,
1.000000,
1.000000,
1.000000,
1.000000,
1.000000,
1.000000,
1.000000,
1.000000,
1.000000,
1.000000,
1.000000,
1.000000,
1.000000,
1.000000,
1.000000,
1.000000,
1.000000,
1.000000,
1.000000,
1.000000,
1.000000,
1.000000,
1.000000,
1.000000,
1.000000,
1.000000,
1.000000,
1.000000,
1.000000,
1.000000,
1.000000,
1.000000,
1.000000,
1.000000,
1.000000,
1.000000,
1.000000,
1.000000,
1.000000,
1.000000,
1.000000,
1.000000,
1.000000,
1.008981,
1.000000,
1.000000,
1.003827,
1.000000,
1.000000,
1.000000,
1.125000,
1.000000,
1.000000,
1.000000,
1.000000,
1.000000,
1.000000,
1.000000,
1.000000,
1.000000,
1.000000,
1.000000,
1.000000,
1.000000,
1.000000,
1.000000,
1.000000,
1.000000,
1.000000,
1.000000,
1.000000,
1.000000,
1.000000,
1.000000,
1.000000,
1.000000,
1.000000,
1.000000,
1.000000,
1.000000,
1.000000,
1.000000,
1.000000,
1.000000,
1.000000,
1.000000,
1.000000,
1.000000,
1.000000,
1.000000,
1.000000,
1.000000,
1.000000,
1.000000,
1.000000,
1.000000,
1.000000,
1.000000,
1.000000,
1.000000,
1.000000,
1.000000,
1.000000,
1.000000,
1.000000,
1.000000,
1.001786,
1.000000,
1.000000,
1.000000,
1.000000,
1.000000,
1.000000,
1.000000,
1.000000,
1.000000,
1.000000,
1.000000,
1.000000,
1.000000,
1.000000,
1.000000,
1.000000,
1.000000,
1.000000,
1.000000,
1.000000,
1.000000,
1.000000,
1.000000,
1.000000,
1.000000,
1.000000,
1.000000,
1.000000,
1.000000,
1.000000,
1.000000,
1.000000,
1.000000,
1.000000,
1.000000,
1.000000,
1.000000,
1.000000,
1.000000,
1.000000,
1.000000,
1.000000,
1.000000,
1.000000,
1.000000,
1.000000,
1.000000,
1.000000,
1.000000,
1.000000,
1.000000,
1.000000,
1.000000,
1.000000,
1.000000,
1.000000,
1.000000,
1.000000,
1.000000,
1.000000,
1.000000,
1.000000,
1.000000,
1.000000,
1.000000,
1.000000,
1.000000,
1.000000,
1.000000,
1.000000,
1.000000,
1.000000,
1.000000,
1.000000,
1.002551,
1.000000,
1.000000,
1.000000,
1.000000,
1.000000,
1.000000,
1.000000,
1.000000,
1.000000,
1.000000,
1.000000,
1.000000,
1.000000,
1.000000,
1.000000,
1.000000,
1.000000,
1.000000,
1.000000,
1.000000,
1.000000,
1.000000,
1.000000,
1.000000,
1.000000,
1.000000,
1.000000,
1.005128,
1.000000,
1.000000,
1.000000,
1.000000,
1.000000,
1.000000,
1.007706,
1.000000,
1.000000,
1.000000,
1.000000,
1.000000,
1.000000,
1.000000,
1.000000,
1.000000,
1.000000,
1.000000,
1.000000,
1.000000,
1.000000,
1.000000,
1.000000,
1.000000,
1.000000,
1.000000,
1.000000,
1.000000,
1.000000,
1.000000,
1.000000,
1.000000,
1.000000,
1.000000,
1.000000,
1.000000,
1.000000,
1.000000,
1.000000,
1.000000,
1.000000,
1.000000,
1.000000,
1.000000,
1.000000,
1.000000,
1.000000,
1.000000,
1.000000,
1.000000,
1.000000,
1.000000,
1.000000,
1.000000,
1.000000,
1.000000,
1.006404,
1.000000,
1.000000,
1.000000,
1.000000,
1.000000,
1.000000,
1.000000,
1.000000,
1.000000,
1.000000,
1.000000,
1.000000,
1.000000,
1.000000,
1.000000,
1.000000,
1.000000,
1.000000,
1.000000,
1.000000,
1.000000,
1.000000,
1.000000,
1.000000,
1.000000,
1.000000,
1.000000,
1.000000,
1.000000,
1.125000,
1.000000,
1.000000,
1.000000,
1.000000,
1.000000,
1.000000,
1.000000,
1.000000,
1.000000,
1.000000,
1.000000,
1.000000,
1.000000,
1.000000,
1.000000,
1.000000,
1.000000,
1.000000,
1.000000,
1.000000,
1.000000,
1.000000,
1.000000,
1.000000,
1.000000,
1.000000,
1.002551,
1.000000,
1.000000,
1.000000,
1.000000,
1.000000,
1.000000,
1.005102,
1.000000,
1.000000,
1.000000,
1.000000,
1.000000,
1.000000,
1.000000,
1.000000,
1.000000,
1.000000,
1.125000,
1.000000,
1.000000,
1.000000,
1.000000,
1.000000,
1.000000,
1.000000,
1.000000,
1.000000,
1.000000,
1.000000,
1.000000,
1.000000,
1.000000,
1.000000,
1.000000,
1.000000,
1.000000,
1.000000,
1.000000,
1.000000,
1.000000,
1.000000,
1.000000,
1.000000,
1.005128,
1.000000,
1.000000,
1.000000,
1.000000,
1.000000,
1.000000,
1.000000,
1.000000,
1.000000,
1.000000,
1.000000,
1.000000,
1.000000,
1.000000,
1.009615,
1.000000,
1.000000,
1.000000,
1.000000,
1.000000,
1.000000,
1.000000,
1.000000,
1.000000,
1.000000,
1.000000,
1.000000,
1.000000,
1.000000,
1.000000,
1.000000,
1.000000,
1.000000,
1.000000,
1.000000,
1.000000,
1.000000,
1.000000,
1.000000,
1.000000,
1.000000,
1.000000,
1.000000,
1.000000,
1.000000,
1.000000,
1.000000,
1.000000,
1.000000,
1.000000,
1.000000,
1.000000,
1.000000,
1.000000,
1.000000,
1.000000,
1.000000,
1.000000,
1.010257,
1.000000,
1.000000,
1.000000,
1.000000,
1.000000,
1.000000,
1.000000,
1.000000,
1.000000,
1.000000,
1.000000,
1.000000,
1.000000,
1.000000,
1.000000,
1.000000,
1.000000,
1.000000,
1.000000,
1.000000,
1.000000,
1.000000,
1.000000,
1.000000,
1.000000,
1.000000,
1.000000,
1.000000,
1.000000,
1.000000,
1.000000,
1.000000,
1.000000,
1.008333,
1.000000,
1.000000,
1.000000,
1.000000,
1.000000,
1.000000,
1.000000,
1.000000,
1.000000,
1.000000,
1.000000,
1.000000,
1.000000,
1.000000,
1.000000,
1.000000,
1.000000,
1.000000,
1.000000,
1.000000,
1.000000,
1.000000,
1.000000,
1.000000,
1.000000,
1.000000,
1.000000,
1.000000,
1.000000,
1.000000,
1.000000,
1.000000,
1.000000,
1.000000,
1.000000,
1.000000,
1.000000,
1.000000,
1.000000,
1.000000,
1.000000,
1.000000,
1.000000,
1.000000,
1.000000,
1.000000,
1.000000,
1.000000,
1.000000,
1.000000,
1.000000,
1.000000,
1.000000,
1.000000,
1.000000,
1.000000,
1.000000,
1.000000,
1.000000,
1.000000,
1.000000,
1.000000,
1.003827,
1.000000,
1.000000,
1.000000,
1.000000,
1.000000,
1.000000,
1.000000,
1.000000,
1.000000,
1.000000,
1.000000,
1.000000,
1.000000,
1.000000,
1.000000,
1.000000,
1.000000,
1.000000,
1.000000,
1.000000,
1.000000,
1.000000,
1.000000,
1.000000,
1.000000,
1.000000,
1.000000,
1.000000,
1.000000,
1.000000,
1.000000,
1.000000,
1.000000,
1.000000,
1.000000,
1.000000,
1.000000,
1.000000,
1.000000,
1.000000,
1.000000,
1.000000,
1.000000,
1.000000,
1.000000,
1.000000,
1.000000,
1.000000,
1.000000,
1.000000,
1.000000,
1.005182,
1.000000,
1.000000,
1.000000,
1.000000,
1.000000,
1.000000,
1.000000,
1.000000,
1.000000,
1.000000,
1.005128,
1.000000,
1.000000,
1.000000,
1.001276,
1.000000,
1.000000,
1.000000,
1.000000,
1.000000,
1.000000,
1.000000,
1.000000,
1.000000,
1.000000,
1.000000,
1.003827,
1.000000,
1.000000,
1.000000,
1.000000,
1.006378,
1.000000,
1.000000,
1.000000,
1.000000,
1.000000,
1.000000,
1.000000,
1.000000,
1.000000,
1.000000,
1.000000,
1.000000,
1.000000,
1.000000,
1.006404,
1.000000,
1.000000,
1.000000,
1.000000,
1.000000,
1.000000,
1.000000,
1.000000,
1.000000,
1.000000,
1.000000,
1.000000,
1.000000,
1.000000,
1.000000,
1.000000,
1.000000,
1.000000,
1.000000,
1.000000,
1.000000,
1.000000,
1.000000,
1.000000,
1.000000,
1.000000,
1.000000,
1.000000,
1.125000,
1.000000,
1.000000,
1.000000,
1.002551,
1.000000,
1.000000,
1.005102,
1.000000,
1.000000,
1.000000,
1.000000,
1.000000,
1.000000,
1.000000,
1.000000,
1.000000,
1.000000,
1.000000,
1.000000,
1.000000,
1.000000,
1.000000,
1.000000,
1.000000,
1.000000,
1.000000,
1.000000,
1.000000,
1.000000,
1.000000,
1.005182,
1.000000,
1.000000,
1.000000,
1.000000,
1.000000,
1.000000,
1.000000,
1.000000,
1.000000,
1.000000,
1.000000,
1.000000,
1.000000,
1.000000,
1.000000,
1.000000,
1.000000,
1.000000,
1.000000,
1.000000,
1.000000,
1.000000,
1.000000,
1.000000,
1.000000,
1.000000,
1.000000,
1.000000,
1.000000,
1.000000,
1.000000,
1.000000,
1.000000,
1.000000,
1.000000,
1.000000,
1.006378,
1.000000,
1.000000,
1.000000,
1.000000,
1.000000,
1.000000,
1.000000,
1.000000,
1.000000,
