12.250000,
7.403125,
4.846875,
4.698437,
3.170089,
2.874479,
2.676152,
2.388412,
2.554067,
2.522291,
2.578977,
2.014237,
1.955913,
1.960595,
1.688368,
1.723481,
1.804074,
1.668495,
1.494623,
1.608949,
1.594579,
1.438122,
1.628786,
1.410712,
1.507660,
1.425714,
1.525571,
1.380744,
1.307331,
1.414116,
1.335491,
1.187500,
1.346619,
1.349352,
1.433333,
1.253458,
1.187500,
1.601220,
1.276414,
1.281012,
1.187500,
1.227613,
1.125000,
1.187500,
1.250910,
1.000000,
1.187500,
1.280938,
1.244855,
1.288182,
1.250000,
1.157338,
1.000000,
1.208769,
1.000000,
1.198958,
1.235481,
1.125000,
1.349043,
1.183719,
1.180185,
1.093750,
1.135417,
1.250000,
1.000000,
1.125000,
1.000000,
1.125000,
1.147395,
1.192687,
1.125000,
1.211798,
1.125000,
1.117020,
1.128507,
1.000000,
1.062500,
1.062500,
1.123947,
1.000000,
1.139530,
1.000000,
1.120350,
1.000000,
1.123466,
1.122445,
1.130821,
1.000000,
1.076885,
1.126644,
1.187500,
1.000000,
1.079167,
1.062500,
1.078125,
1.102240,
1.000000,
1.000000,
1.000000,
1.062500,
1.000000,
1.124854,
1.112061,
1.138235,
1.159627,
1.109845,
1.062500,
1.062500,
1.132688,
1.125000,
1.121396,
1.000000,
1.141667,
1.124382,
1.115152,
1.000000,
1.122947,
1.000000,
1.091249,
1.000000,
1.000000,
1.000000,
1.090660,
1.000000,
1.125000,
1.125000,
1.113591,
1.071901,
1.062500,
1.096109,
1.000000,
1.062500,
1.062500,
1.125000,
1.061298,
1.000000,
1.072347,
1.093750,
1.000000,
1.062500,
1.073273,
1.000000,
1.064708,
1.062500,
1.000000,
1.062500,
1.187500,
1.054770,
1.055019,
1.052778,
1.062500,
1.049452,
1.062500,
1.000000,
1.062500,
1.066919,
1.062500,
1.000000,
1.062500,
1.000000,
1.000000,
1.069102,
1.000000,
1.125000,
1.000000,
1.065888,
1.000000,
1.062500,
1.000000,
1.059722,
1.000000,
1.000000,
1.000000,
1.078125,
1.000000,
1.000000,
1.062500,
1.000000,
1.068122,
1.000000,
1.062500,
1.078125,
1.042667,
1.066162,
1.084559,
1.000000,
1.000000,
1.000000,
1.000000,
1.000000,
1.047059,
1.000000,
1.000000,
1.000000,
1.000000,
1.000000,
1.000000,
1.000000,
1.125000,
1.000000,
1.000000,
1.000000,
1.000000,
1.000000,
1.053107,
1.062500,
1.062500,
1.000000,
1.072980,
1.000000,
1.063062,
1.000000,
1.043797,
1.000000,
1.000000,
1.000000,
1.032507,
1.054924,
1.000000,
1.062500,
1.062500,
1.040855,
1.000000,
1.000000,
1.053497,
1.000000,
1.000000,
1.000000,
1.000000,
1.000000,
1.000000,
1.000000,
1.000000,
1.000000,
1.000000,
1.000000,
1.000000,
1.000000,
1.000000,
1.000000,
1.000000,
1.000000,
1.000000,
1.062500,
1.000000,
1.000000,
1.000000,
1.000000,
1.062500,
1.125000,
1.000000,
1.000000,
1.000000,
1.000000,
1.015625,
1.000000,
1.000000,
1.000000,
1.029790,
1.062418,
1.000000,
1.062500,
1.062500,
1.000000,
1.026378,
1.038773,
1.000000,
1.000000,
1.000000,
1.000000,
1.000000,
1.000000,
1.058226,
1.000000,
1.057955,
1.000000,
1.000000,
1.000000,
1.125000,
1.031250,
1.000000,
1.000000,
1.038958,
1.000000,
1.034000,
1.000000,
1.000000,
1.000000,
1.000000,
1.000000,
1.000000,
1.000000,
1.034110,
1.000000,
1.062500,
1.039038,
1.000000,
1.000000,
1.000000,
1.000000,
1.000000,
1.000000,
1.000000,
1.000000,
1.000000,
1.000000,
1.000000,
1.039893,
1.000000,
1.048437,
1.000000,
1.000000,
1.029211,
1.000000,
1.000000,
1.062500,
1.000000,
1.062500,
1.000000,
1.000000,
1.000000,
1.000000,
1.000000,
1.030123,
1.062500,
1.028679,
1.000000,
1.000000,
1.000000,
1.023650,
1.000000,
1.062500,
1.000000,
1.034195,
1.000000,
1.000000,
1.015625,
1.000000,
1.000000,
1.038251,
1.038125,
1.032132,
1.000000,
1.000000,
1.000000,
1.000000,
1.041502,
1.000000,
1.000000,
1.062500,
1.000000,
1.000000,
1.000000,
1.000000,
1.000000,
1.000000,
1.000000,
1.062500,
1.000000,
1.006250,
1.000000,
1.000000,
1.036279,
1.027757,
1.000000,
1.000000,
1.020434,
1.062500,
1.062500,
1.062500,
1.000000,
1.000000,
1.000000,
1.033808,
1.025732,
1.029019,
1.033581,
1.000000,
1.000000,
1.000000,
1.000000,
1.000000,
1.000000,
1.000000,
1.000000,
1.000000,
1.000000,
1.000000,
1.040364,
1.000000,
1.000000,
1.000000,
1.000000,
1.000000,
1.000000,
1.054167,
1.000000,
1.000000,
1.000000,
1.000000,
1.062500,
1.000000,
1.027692,
1.034927,
1.000000,
1.000000,
1.000000,
1.000000,
1.030213,
1.000000,
1.000000,
1.024056,
1.000000,
1.000000,
1.062500,
1.025978,
1.000000,
1.000000,
1.000000,
1.000000,
1.030344,
1.000000,
1.000000,
1.000000,
1.000000,
1.000000,
1.020556,
1.000000,
1.000000,
1.000000,
1.000000,
1.000000,
1.000000,
1.000000,
1.023464,
1.000000,
1.000000,
1.000000,
1.000000,
1.022481,
1.000000,
1.000000,
1.000000,
1.000000,
1.000000,
1.000000,
1.056250,
1.000000,
1.024826,
1.000000,
1.000000,
1.000000,
1.062500,
1.000000,
1.000000,
1.000000,
1.031573,
1.000000,
1.032315,
1.000000,
1.015625,
1.000000,
1.039476,
1.062500,
1.000000,
1.000000,
1.027320,
1.000000,
1.000000,
1.000000,
1.018739,
1.000000,
1.062500,
1.000000,
1.000000,
1.000000,
1.000000,
1.000000,
1.062500,
1.021708,
1.000000,
1.000000,
1.000000,
1.019418,
1.000000,
1.062500,
1.000000,
1.062500,
1.000000,
1.000000,
1.000000,
1.020833,
1.000000,
1.000000,
1.000000,
1.000000,
1.018801,
1.000000,
1.000000,
1.000000,
1.000000,
1.000000,
1.000000,
1.000000,
1.030324,
1.000000,
1.000000,
1.000000,
1.019263,
1.000000,
1.000000,
1.000000,
1.000000,
1.000000,
1.000000,
1.062500,
1.000000,
1.000000,
1.000000,
1.000000,
1.000000,
1.000000,
1.000000,
1.031250,
1.000000,
1.018323,
1.000000,
1.000000,
1.062500,
1.000000,
1.000000,
1.000000,
1.021728,
1.000000,
1.062500,
1.000000,
1.000000,
1.000000,
1.000000,
1.017405,
1.000000,
1.000000,
1.000000,
1.017018,
1.000000,
1.000000,
1.000000,
1.016645,
1.000000,
1.000000,
1.000000,
1.000000,
1.000000,
1.000000,
1.000000,
1.000000,
1.000000,
1.000000,
1.000000,
1.000000,
1.000000,
1.000000,
1.012161,
1.062500,
1.000000,
1.000000,
1.000000,
1.000000,
1.000000,
1.000000,
1.000000,
1.000000,
1.000000,
1.000000,
1.000000,
1.000000,
1.000000,
1.000000,
1.000000,
1.000000,
1.000000,
1.062500,
1.022503,
1.000000,
1.000000,
1.000000,
1.000000,
1.018730,
1.000000,
1.000000,
1.000000,
1.000000,
1.015522,
1.000000,
1.000000,
1.000000,
1.000000,
1.000000,
1.000000,
1.000000,
1.062500,
1.000000,
1.000000,
1.000000,
1.000000,
1.000000,
1.000000,
1.000000,
1.011977,
1.000000,
1.000000,
1.000000,
1.000000,
1.062500,
1.000000,
1.000000,
1.019701,
1.000000,
1.000000,
1.000000,
1.007812,
1.000000,
1.000000,
1.022762,
1.000000,
1.000000,
1.000000,
1.062500,
1.019489,
1.000000,
1.000000,
1.000000,
1.000000,
1.000000,
1.000000,
1.000000,
1.019828,
1.000000,
1.000000,
1.000000,
1.000000,
1.000000,
1.000000,
1.000000,
1.000000,
1.000000,
1.016131,
1.000000,
1.000000,
1.000000,
1.000000,
1.000000,
1.000000,
1.000000,
1.000000,
1.000000,
1.000000,
1.000000,
1.000000,
1.000000,
1.000000,
1.000000,
1.000000,
1.011492,
1.000000,
1.000000,
1.000000,
1.000000,
1.027598,
1.000000,
1.000000,
1.000000,
1.000000,
1.021723,
1.000000,
1.015791,
1.000000,
1.015309,
1.000000,
1.000000,
1.000000,
1.000000,
1.019697,
1.000000,
1.000000,
1.000000,
1.000000,
1.000000,
1.000000,
1.000000,
1.000000,
1.000000,
1.000000,
1.014853,
1.000000,
1.026646,
1.062500,
1.000000,
1.000000,
1.000000,
1.000000,
1.000000,
1.000000,
1.000000,
1.000000,
1.000000,
1.000000,
1.000000,
1.000000,
1.013156,
1.000000,
1.000000,
1.000000,
1.000000,
1.007090,
1.000000,
1.000000,
1.000000,
1.000000,
1.000000,
1.000000,
1.019840,
1.000000,
1.000000,
1.000000,
1.000000,
1.000000,
1.000000,
1.000000,
1.000000,
1.000000,
1.009985,
1.000000,
1.000000,
1.000000,
1.000000,
1.000000,
1.000000,
1.000000,
1.015239,
1.000000,
1.012399,
1.000000,
1.000000,
1.013017,
1.000000,
1.000000,
1.000000,
1.000000,
1.000000,
1.000000,
1.000000,
1.000000,
1.000000,
1.062500,
1.000000,
1.000000,
1.000000,
1.000000,
1.000000,
1.000000,
1.000000,
1.000000,
1.000000,
1.000000,
1.000000,
1.000000,
1.000000,
1.016948,
1.000000,
1.013458,
1.000000,
1.000000,
1.000000,
1.000000,
1.000000,
1.000000,
1.000000,
1.000000,
1.000000,
1.000000,
1.000000,
1.000000,
1.000000,
1.000000,
1.000000,
1.000000,
1.000000,
1.000000,
1.000000,
1.000000,
1.000000,
1.016968,
1.000000,
1.000000,
1.000000,
1.000000,
1.000000,
1.007812,
1.000000,
1.000000,
1.000000,
1.000000,
1.000000,
1.000000,
1.000000,
1.000000,
1.000000,
1.000000,
1.000000,
1.000000,
1.000000,
1.000000,
1.000000,
1.000000,
1.013807,
1.000000,
1.000000,
1.000000,
1.000000,
1.000000,
1.000000,
1.000000,
1.000000,
1.000000,
1.000000,
1.000000,
1.000000,
1.000000,
1.000000,
1.062500,
1.000000,
1.000000,
1.000000,
1.000000,
1.014020,
1.000000,
1.062500,
1.000000,
1.000000,
1.000000,
1.000000,
1.000000,
1.000000,
1.000000,
1.000000,
1.000000,
1.000000,
1.000000,
1.000000,
1.000000,
1.000000,
1.000000,
1.000000,
1.000000,
1.000000,
1.000000,
1.000000,
1.000000,
1.000000,
1.000000,
1.000000,
1.000000,
1.000000,
1.000000,
1.000000,
1.000000,
1.000000,
1.000000,
1.000000,
1.000000,
1.000000,
1.000000,
1.000000,
1.000000,
1.000000,
1.000000,
1.000000,
1.000000,
1.000000,
1.000000,
1.007543,
1.000000,
1.000000,
1.000000,
1.000000,
1.000000,
1.000000,
1.000000,
1.000000,
1.000000,
1.000000,
1.000000,
1.000000,
1.000000,
1.011795,
1.000000,
1.000000,
1.000000,
1.000000,
1.000000,
1.000000,
1.000000,
1.011188,
1.013720,
1.000000,
1.007753,
1.000000,
1.000000,
1.010165,
1.000000,
1.000000,
1.000000,
1.009643,
1.000000,
1.000000,
1.022930,
1.000000,
1.000000,
1.000000,
1.000000,
1.000000,
1.000000,
1.000000,
1.015522,
1.000000,
1.000000,
1.000000,
1.000000,
1.000000,
1.000000,
1.000000,
1.000000,
1.000000,
1.000000,
1.000000,
1.000000,
1.000000,
1.000000,
1.000000,
1.000000,
1.007398,
1.000000,
1.000000,
1.000000,
1.000000,
1.000000,
1.000000,
1.000000,
1.062500,
1.000000,
1.000000,
1.000000,
1.000000,
1.000000,
1.000000,
1.000000,
1.000000,
1.000000,
1.000000,
1.000000,
1.000000,
1.000000,
1.000000,
1.000000,
1.000000,
1.000000,
1.000000,
1.008334,
1.000000,
1.000000,
1.000000,
1.000000,
1.062500,
1.000000,
1.000000,
1.000000,
1.006503,
1.000000,
1.000000,
1.000000,
1.000000,
1.000000,
1.000000,
1.000000,
1.016317,
1.000000,
1.000000,
1.000000,
1.000000,
1.000000,
1.000000,
1.000000,
1.000000,
1.000000,
1.000000,
1.000000,
1.000000,
1.000000,
1.000000,
1.000000,
1.000000,
1.000000,
1.000000,
1.000000,
1.000000,
1.062500,
1.000000,
1.000000,
1.000000,
1.000000,
1.000000,
1.000000,
1.000000,
1.000000,
1.000000,
1.000000,
1.000000,
1.000000,
1.000000,
1.010138,
1.000000,
1.000000,
1.000000,
1.000000,
1.000000,
1.000000,
1.000000,
1.000000,
1.000000,
1.000000,
1.000000,
1.000000,
1.000000,
1.000000,
1.000000,
1.000000,
1.000000,
1.000000,
1.000000,
1.000000,
1.000000,
1.000000,
1.000000,
1.000000,
1.000000,
1.000000,
1.000000,
1.015847,
1.000000,
1.008586,
1.000000,
1.000000,
1.000000,
1.006042,
1.000000,
1.000000,
1.000000,
1.000000,
1.000000,
1.000000,
1.000000,
1.000000,
1.000000,
1.000000,
1.000000,
1.000000,
1.000000,
1.000000,
1.000000,
1.000000,
1.000000,
1.000000,
1.000000,
1.000000,
1.000000,
1.000000,
1.000000,
1.000000,
1.000000,
1.000000,
1.000000,
1.000000,
1.000000,
1.000000,
1.000000,
1.000000,
1.000000,
1.008684,
1.000000,
1.000000,
1.000000,
1.000000,
1.000000,
1.000000,
1.000000,
1.000000,
1.000000,
1.000000,
1.000000,
1.000000,
1.005682,
1.000000,
1.000000,
1.000000,
1.000000,
1.000000,
1.000000,
1.000000,
1.000000,
1.000000,
1.000000,
1.000000,
1.007715,
1.000000,
1.000000,
1.000000,
1.004914,
1.000000,
1.000000,
1.000000,
1.000000,
1.000000,
1.000000,
1.000000,
1.000000,
1.000000,
1.000000,
1.000000,
1.000000,
1.000000,
1.000000,
1.000000,
1.000000,
1.000000,
1.000000,
1.000000,
1.000000,
1.000000,
1.000000,
1.000000,
1.012001,
1.000000,
1.001488,
1.000000,
1.000000,
1.000000,
1.000000,
1.000000,
1.000000,
1.000000,
1.015359,
1.000000,
1.000000,
1.000000,
1.000000,
1.000000,
1.000000,
1.000000,
1.000000,
1.000000,
1.000000,
1.000000,
1.000000,
1.000000,
1.000000,
1.000000,
1.000000,
1.000000,
1.000000,
1.000000,
1.000000,
1.006066,
1.000000,
1.000000,
1.000000,
1.000000,
1.000000,
1.000000,
1.000000,
1.000000,
1.000000,
1.062500,
1.000000,
1.000000,
1.000000,
1.000000,
1.000000,
1.009570,
1.000000,
1.000000,
1.009336,
1.000000,
1.000000,
1.000000,
1.000000,
1.000000,
1.000000,
1.000000,
1.000000,
1.000000,
1.000000,
1.000000,
1.000000,
1.000000,
1.000000,
1.000000,
1.000000,
1.000000,
1.000000,
1.000000,
1.000000,
1.000000,
1.006687,
1.016336,
1.000000,
1.000000,
1.000000,
1.000000,
1.000000,
1.000000,
1.000000,
1.000000,
1.000000,
1.000000,
1.000000,
1.000000,
1.000000,
1.000000,
1.000000,
1.000000,
1.000000,
1.000000,
1.000000,
1.000000,
1.000000,
1.000000,
1.000000,
1.000000,
1.000000,
1.000000,
1.000000,
1.000000,
1.000000,
1.000000,
1.000000,
1.000000,
1.000000,
1.000000,
1.000000,
1.000000,
1.000000,
1.000000,
1.000000,
1.000000,
1.000000,
1.000000,
1.000000,
1.000000,
1.000000,
1.000000,
1.000000,
1.000000,
1.000000,
1.000000,
1.000000,
1.000000,
1.000000,
1.000000,
1.000000,
1.000000,
1.000000,
1.000000,
1.000000,
1.000000,
1.000000,
1.000000,
1.000000,
1.000000,
1.000000,
1.000000,
1.000000,
1.000000,
1.000000,
1.000000,
1.000000,
1.000000,
1.000000,
1.000000,
1.000000,
1.000000,
1.000000,
1.000000,
1.000000,
1.000000,
1.000000,
1.000000,
1.000000,
1.000000,
1.000000,
1.000000,
1.000000,
1.000000,
1.008475,
1.000000,
1.000000,
1.000000,
1.000000,
1.000000,
1.000000,
1.000000,
1.000000,
1.000000,
1.000000,
1.000000,
1.011661,
1.000000,
1.000000,
1.009868,
1.000000,
1.000000,
1.000000,
1.000000,
1.010289,
1.000000,
1.011448,
1.000000,
1.000000,
1.000000,
1.000000,
1.000000,
1.000000,
1.000000,
1.000000,
1.000000,
1.000000,
1.000000,
1.000000,
1.018964,
1.000000,
1.000000,
1.000000,
1.000000,
1.000000,
1.000000,
1.000000,
1.000000,
1.000000,
1.000000,
1.006503,
1.000000,
1.000000,
1.000000,
1.000000,
1.000000,
1.000000,
1.000000,
1.008265,
1.000000,
1.000000,
1.000000,
1.000000,
1.000000,
1.000000,
1.000000,
1.000000,
1.000000,
1.000000,
1.000000,
1.000000,
1.000000,
1.000000,
1.000000,
1.000000,
1.000000,
1.015791,
1.000000,
1.000000,
1.000000,
1.000000,
1.000000,
1.000000,
1.000000,
1.000000,
1.000000,
1.009133,
1.010487,
1.000000,
1.000000,
1.000000,
1.000000,
1.000000,
1.000000,
1.000000,
1.000000,
1.000000,
1.000000,
1.000000,
1.000000,
1.000000,
1.000000,
1.000000,
1.000000,
1.000000,
1.000000,
1.000000,
1.000000,
1.000000,
1.000000,
1.000000,
1.000000,
1.000000,
1.000000,
1.000000,
1.000000,
1.000000,
1.000000,
1.000000,
1.000000,
1.000000,
1.000000,
1.000000,
1.000000,
1.000000,
1.062500,
1.000000,
1.000000,
1.000000,
1.000000,
1.000000,
1.000000,
1.006976,
1.000000,
1.000000,
1.000000,
1.000000,
1.000000,
1.000000,
1.009868,
1.000000,
1.000000,
1.000000,
1.000000,
1.000000,
1.000000,
1.000000,
1.000000,
1.000000,
1.000000,
1.000000,
1.000000,
1.000000,
1.000000,
1.007292,
1.009111,
1.000000,
1.000000,
1.000000,
1.000000,
1.000000,
1.000000,
1.000000,
1.000000,
1.006182,
1.000000,
1.000000,
1.000000,
1.000000,
1.000000,
1.000000,
1.000000,
1.000000,
1.000000,
1.000000,
1.000000,
1.000000,
1.000000,
1.000000,
1.000000,
1.000000,
1.000000,
1.000000,
1.000000,
1.000000,
1.000000,
1.000000,
1.000000,
1.000000,
1.000000,
1.000000,
1.000000,
1.000000,
1.000000,
1.012819,
1.000000,
1.000000,
1.000000,
1.000000,
1.000000,
1.000000,
1.000000,
1.062500,
1.000000,
1.000000,
1.000000,
1.000000,
1.000000,
1.000000,
1.000000,
1.000000,
1.062500,
1.000000,
1.000000,
1.000000,
1.000000,
1.000000,
1.000000,
1.000000,
1.000000,
1.000000,
1.000000,
1.000000,
1.009828,
1.000000,
1.000000,
1.000000,
1.000000,
1.000000,
1.000000,
1.000000,
1.000000,
1.000000,
1.000000,
1.000000,
1.000000,
1.000000,
1.000000,
1.000000,
1.000000,
1.000000,
1.000000,
1.000000,
1.000000,
1.000000,
1.000000,
1.000000,
1.000000,
1.000000,
1.000000,
1.000000,
1.000000,
1.000000,
1.000000,
1.000000,
1.000000,
1.000000,
1.000000,
1.000000,
1.000000,
1.004106,
1.000000,
1.000000,
1.000000,
1.000000,
1.000000,
1.000000,
1.000000,
1.000000,
1.000000,
1.000000,
1.000000,
1.000000,
1.000000,
1.000000,
1.000000,
1.000000,
1.008641,
1.000000,
1.000000,
1.000000,
1.008889,
1.000000,
1.000000,
1.000000,
1.000000,
1.000000,
1.000000,
1.000000,
1.000000,
1.000000,
1.000000,
1.000000,
1.000000,
1.000000,
1.000000,
1.000000,
1.000000,
1.000000,
1.000000,
1.000000,
1.008811,
1.000000,
1.000000,
1.000000,
1.000000,
1.000000,
1.000000,
1.000000,
1.000000,
1.000000,
1.000000,
1.000000,
1.000000,
1.000000,
1.000000,
1.000000,
1.000000,
1.000000,
1.008219,
1.000000,
1.000000,
1.000000,
1.000000,
1.000000,
1.000000,
1.000000,
1.000000,
1.000000,
1.000000,
1.000000,
1.000000,
1.000000,
1.000000,
1.005769,
1.000000,
1.000000,
1.000000,
1.000000,
1.000000,
1.000000,
1.000000,
1.000000,
1.000000,
1.000000,
1.000000,
1.000000,
1.000000,
1.000000,
1.000000,
1.000000,
1.000000,
1.000000,
1.000000,
1.000000,
1.000000,
1.000000,
1.000000,
1.000000,
1.000000,
1.000000,
1.000000,
1.000000,
1.000000,
1.000000,
1.000000,
1.000000,
1.000000,
1.000000,
1.000000,
1.000000,
1.000000,
1.000000,
1.000000,
1.000000,
1.000000,
1.000000,
1.000000,
1.000000,
1.000000,
1.000000,
1.000000,
1.000000,
1.000000,
1.000000,
1.000000,
1.000000,
1.000000,
1.000000,
1.000000,
1.000000,
1.000000,
1.000000,
1.000000,
1.000000,
1.000000,
1.000000,
1.000000,
1.000000,
1.000000,
1.000000,
1.000000,
1.000000,
1.000000,
1.000000,
1.000000,
1.000000,
1.000000,
1.000000,
1.000000,
1.000000,
1.000000,
1.000000,
1.000000,
1.000000,
1.000000,
1.000000,
1.000000,
1.000000,
1.000000,
1.000000,
1.000000,
1.002976,
1.000000,
1.000000,
1.000000,
1.000000,
1.000000,
1.000000,
1.000000,
1.000000,
1.000000,
1.000000,
1.000000,
1.000000,
1.000000,
1.000000,
1.000000,
1.000000,
1.000000,
1.000000,
1.000000,
1.000000,
1.000000,
1.006182,
1.000000,
1.000000,
1.000000,
1.000000,
1.000000,
1.000000,
1.000000,
1.000000,
1.000000,
1.000000,
1.000000,
1.000000,
1.000000,
1.000000,
1.000000,
1.000000,
1.000000,
1.000000,
1.000000,
1.000000,
1.000000,
1.000000,
1.000000,
1.000000,
1.000000,
1.000000,
1.000000,
1.000000,
1.013750,
1.000000,
1.000000,
1.000000,
1.000000,
1.000000,
1.000000,
1.000000,
1.000000,
1.000000,
1.000000,
1.000000,
1.000000,
1.000000,
1.000000,
1.000000,
1.000000,
1.000000,
1.000000,
1.000000,
1.000000,
1.000000,
1.000000,
1.000000,
1.000000,
1.000000,
1.000000,
1.000000,
1.000000,
1.000000,
1.008299,
1.000000,
1.000000,
1.007814,
1.000000,
1.000000,
1.000000,
1.000000,
1.000000,
1.000000,
1.000000,
1.000000,
1.000000,
1.000000,
1.004246,
1.000000,
1.000000,
1.000000,
1.000000,
1.000000,
1.000000,
1.000000,
1.000000,
1.000000,
1.000000,
1.000000,
1.000000,
1.000000,
1.000000,
1.000000,
1.000000,
1.002976,
1.000000,
1.000000,
1.000000,
1.000000,
1.000000,
1.000000,
1.000000,
1.009262,
1.000000,
1.000000,
1.000000,
1.000000,
1.000000,
1.000000,
1.000000,
1.003906,
1.000000,
1.000000,
1.000000,
1.000000,
1.000000,
1.006466,
1.000000,
1.000000,
1.000000,
1.000000,
1.000000,
1.000000,
1.006114,
1.000000,
1.000000,
1.000000,
1.000000,
1.000000,
1.007206,
1.000000,
1.000000,
1.000000,
1.015625,
1.000000,
1.000000,
1.000000,
1.000000,
1.000000,
1.005799,
1.000000,
1.000000,
1.000000,
1.000000,
1.000000,
1.000000,
1.000000,
1.000000,
1.000000,
1.000000,
1.004735,
1.007661,
1.006216,
1.000000,
1.000000,
1.000000,
1.000000,
1.000000,
1.000000,
1.000000,
1.000000,
1.000000,
1.000000,
1.000000,
1.000000,
1.000000,
1.000000,
1.000000,
1.000000,
1.000000,
1.000000,
1.000000,
1.004735,
1.000000,
1.000000,
1.000000,
1.000000,
1.000000,
1.000000,
1.000000,
1.000000,
1.000000,
1.000000,
1.000000,
1.000000,
1.062500,
1.000000,
1.007853,
1.000000,
1.012863,
1.000000,
1.006731,
1.000000,
1.000000,
1.000000,
1.000000,
1.000000,
1.000000,
1.000000,
1.000000,
1.000000,
1.000000,
1.000000,
1.000000,
1.000000,
1.000000,
1.000000,
1.000000,
1.000000,
1.000000,
1.000000,
1.000000,
1.004914,
1.000000,
1.000000,
1.000000,
1.000000,
1.000000,
1.000000,
1.000000,
1.000000,
1.000000,
1.000000,
1.000000,
1.000000,
1.000000,
1.000000,
1.000000,
1.000000,
1.000000,
1.000000,
1.000000,
1.000000,
1.000000,
1.000000,
1.000000,
1.000000,
1.000000,
1.000000,
1.000000,
1.000000,
1.005799,
1.000000,
1.000000,
1.000000,
1.000000,
1.000000,
1.000000,
1.000000,
1.000000,
1.000000,
1.000000,
1.000000,
1.000000,
1.000000,
1.000000,
1.000000,
1.000000,
1.000000,
1.000000,
1.000000,
1.000000,
1.000000,
1.000000,
1.000000,
1.000000,
1.004032,
1.000000,
1.000000,
1.000000,
1.000000,
1.000000,
1.000000,
1.000000,
1.000000,
1.002976,
1.000000,
1.000000,
1.000000,
1.007169,
1.000000,
1.000000,
1.000000,
1.000000,
1.000000,
1.000000,
1.004870,
1.000000,
1.000000,
1.000000,
1.000000,
1.000000,
1.000000,
1.000000,
1.000000,
1.000000,
1.000000,
1.000000,
1.000000,
1.006251,
1.000000,
1.000000,
1.000000,
1.000000,
1.000000,
1.000000,
1.000000,
1.000000,
1.000000,
