24.250000,
14.459375,
8.984375,
6.109375,
6.057589,
5.104588,
4.659896,
3.971875,
4.349873,
3.654427,
3.526047,
3.261025,
2.983176,
2.888217,
2.622036,
2.456101,
2.233333,
2.119085,
2.213014,
2.469770,
2.346975,
2.245316,
2.119643,
2.141693,
1.836570,
2.131109,
1.937500,
1.977505,
1.858936,
1.894990,
1.864766,
1.755636,
1.757802,
1.762973,
1.608854,
1.837390,
1.876102,
1.611027,
1.748285,
1.727953,
1.727604,
1.602883,
1.510590,
1.605249,
1.610658,
1.583188,
1.488120,
1.598040,
1.479945,
1.416295,
1.469005,
1.458681,
1.566238,
1.250000,
1.356050,
1.343750,
1.417121,
1.313344,
1.385414,
1.416914,
1.459082,
1.396655,
1.418603,
1.325758,
1.335851,
1.495451,
1.398561,
1.324132,
1.329241,
1.416877,
1.292296,
1.286149,
1.320725,
1.379622,
1.333649,
1.339030,
1.277503,
1.299729,
1.246670,
1.292874,
1.323025,
1.280756,
1.248289,
1.256250,
1.208333,
1.156250,
1.282165,
1.320083,
1.220737,
1.244598,
1.238351,
1.224162,
1.279780,
1.271642,
1.294920,
1.181920,
1.093750,
1.255638,
1.220376,
1.226792,
1.249402,
1.265495,
1.156250,
1.303483,
1.265601,
1.219099,
1.282106,
1.161607,
1.197573,
1.200540,
1.194920,
1.241864,
1.172854,
1.222036,
1.233301,
1.209201,
1.109375,
1.125000,
1.223951,
1.191354,
1.177259,
1.172917,
1.203502,
1.178125,
1.215444,
1.166667,
1.135454,
1.194942,
1.191291,
1.206563,
1.146354,
1.217708,
1.182726,
1.114583,
1.148190,
1.198028,
1.176691,
1.209177,
1.093750,
1.135603,
1.157292,
1.169705,
1.179573,
1.171627,
1.141668,
1.196546,
1.125000,
1.093750,
1.185417,
1.155369,
1.000000,
1.113021,
1.122128,
1.180208,
1.151563,
1.110417,
1.144255,
1.154266,
1.140506,
1.062500,
1.000000,
1.173648,
1.093750,
1.031250,
1.135565,
1.125978,
1.114583,
1.117188,
1.128726,
1.140645,
1.115327,
1.133897,
1.000000,
1.139005,
1.131672,
1.120961,
1.133270,
1.098958,
1.101393,
1.093750,
1.133586,
1.145694,
1.153849,
1.082281,
1.093750,
1.115625,
1.088895,
1.115451,
1.092708,
1.099749,
1.093750,
1.125973,
1.126359,
1.139568,
1.062500,
1.094792,
1.117264,
1.093750,
1.088411,
1.062500,
1.124596,
1.107518,
1.080388,
1.108053,
1.000000,
1.098958,
1.062500,
1.095002,
1.129630,
1.102083,
1.093750,
1.093750,
1.127083,
1.093750,
1.000000,
1.062500,
1.111161,
1.125000,
1.094348,
1.069754,
1.062500,
1.110417,
1.126612,
1.090885,
1.000000,
1.093750,
1.062500,
1.104167,
1.082864,
1.062500,
1.093750,
1.052083,
1.062500,
1.064732,
1.115625,
1.096875,
1.125000,
1.122830,
1.098889,
1.102121,
1.000000,
1.126503,
1.067708,
1.093750,
1.000000,
1.000000,
1.064891,
1.031250,
1.031250,
1.093750,
1.000000,
1.078125,
1.083333,
1.062500,
1.063151,
1.080704,
1.000000,
1.077367,
1.068556,
1.116629,
1.094601,
1.107845,
1.000000,
1.076563,
1.102431,
1.054841,
1.101500,
1.046875,
1.084808,
1.052083,
1.063409,
1.000000,
1.000000,
1.086347,
1.031250,
1.000000,
1.092251,
1.031250,
1.031250,
1.061990,
1.105208,
1.081250,
1.031250,
1.000000,
1.054214,
1.047231,
1.000000,
1.093750,
1.079310,
1.093750,
1.062500,
1.000000,
1.062599,
1.122467,
1.057292,
1.088583,
1.071181,
1.000000,
1.107364,
1.031250,
1.074690,
1.066326,
1.061458,
1.000000,
1.000000,
1.093750,
1.078125,
1.064174,
1.093750,
1.058984,
1.062500,
1.113591,
1.067363,
1.085462,
1.040737,
1.080188,
1.072917,
1.062500,
1.060938,
1.125000,
1.090310,
1.031250,
1.125000,
1.000000,
1.067341,
1.061508,
1.062500,
1.079340,
1.057864,
1.062934,
1.000000,
1.055804,
1.031250,
1.054984,
1.052083,
1.069215,
1.089629,
1.053062,
1.049037,
1.084353,
1.066604,
1.000000,
1.041667,
1.070956,
1.061458,
1.000000,
1.064670,
1.085394,
1.000000,
1.080087,
1.093750,
1.047133,
1.000000,
1.062500,
1.031250,
1.000000,
1.000000,
1.000000,
1.000000,
1.090030,
1.062172,
1.031250,
1.045118,
1.062500,
1.064583,
1.000000,
1.046875,
1.062500,
1.031250,
1.056108,
1.060096,
1.065530,
1.031250,
1.031250,
1.000000,
1.062500,
1.065133,
1.062500,
1.000000,
1.031250,
1.058966,
1.000000,
1.054167,
1.058712,
1.000000,
1.055282,
1.043014,
1.031250,
1.054735,
1.064670,
1.000000,
1.059375,
1.000000,
1.046875,
1.000000,
1.043148,
1.058465,
1.056616,
1.058340,
1.056794,
1.031250,
1.000000,
1.059186,
1.000000,
1.063811,
1.000000,
1.046280,
1.000000,
1.051935,
1.054167,
1.031250,
1.000000,
1.066847,
1.031250,
1.000000,
1.000000,
1.000000,
1.000000,
1.062500,
1.000000,
1.062500,
1.031250,
1.031250,
1.000000,
1.057182,
1.047673,
1.058496,
1.000000,
1.062500,
1.000000,
1.055060,
1.066406,
1.050426,
1.000000,
1.062500,
1.026786,
1.031250,
1.067708,
1.015625,
1.000000,
1.048978,
1.072914,
1.062500,
1.000000,
1.000000,
1.062500,
1.062500,
1.059983,
1.031250,
1.041959,
1.000000,
1.000000,
1.000000,
1.033333,
1.050000,
1.031250,
1.096875,
1.062500,
1.070292,
1.049660,
1.000000,
1.055377,
1.031250,
1.031250,
1.000000,
1.031250,
1.052671,
1.031250,
1.000000,
1.028819,
1.031250,
1.067632,
1.031250,
1.000000,
1.031250,
1.028646,
1.000000,
1.045900,
1.078125,
1.056534,
1.025000,
1.050000,
1.031250,
1.000000,
1.049144,
1.000000,
1.000000,
1.062500,
1.031250,
1.000000,
1.031250,
1.000000,
1.031250,
1.000000,
1.000000,
1.062500,
1.046875,
1.000000,
1.031994,
1.000000,
1.062500,
1.046619,
1.000000,
1.000000,
1.062500,
1.000000,
1.000000,
1.000000,
1.060678,
1.000000,
1.037094,
1.034375,
1.000000,
1.000000,
1.069085,
1.031250,
1.062500,
1.038182,
1.000000,
1.000000,
1.031250,
1.046875,
1.061458,
1.022569,
1.043860,
1.028154,
1.031851,
1.031250,
1.000000,
1.037993,
1.031250,
1.000000,
1.043056,
1.077083,
1.031250,
1.043029,
1.041843,
1.035577,
1.062500,
1.000000,
1.031845,
1.000000,
1.000000,
1.031250,
1.000000,
1.031981,
1.052083,
1.035612,
1.000000,
1.000000,
1.031250,
1.000000,
1.031250,
1.031250,
1.000000,
1.000000,
1.023810,
1.000000,
1.044090,
1.000000,
1.058889,
1.064867,
1.042122,
1.053409,
1.034010,
1.042943,
1.093750,
1.039265,
1.062500,
1.000000,
1.029512,
1.059722,
1.026786,
1.000000,
1.031250,
1.000000,
1.031250,
1.000000,
1.054159,
1.031250,
1.000000,
1.043000,
1.000000,
1.036047,
1.032366,
1.000000,
1.000000,
1.000000,
1.000000,
1.000000,
1.031250,
1.000000,
1.000000,
1.032031,
1.042945,
1.000000,
1.000000,
1.031250,
1.055144,
1.000000,
1.062500,
1.000000,
1.031250,
1.000000,
1.000000,
1.000000,
1.027344,
1.022569,
1.031250,
1.000000,
1.000000,
1.000000,
1.031250,
1.031250,
1.000000,
1.031250,
1.031250,
1.042398,
1.000000,
1.031250,
1.036438,
1.000000,
1.027344,
1.029593,
1.026499,
1.038127,
1.000000,
1.031250,
1.000000,
1.031250,
1.000000,
1.023958,
1.031250,
1.000000,
1.031250,
1.000000,
1.000000,
1.000000,
1.000000,
1.031250,
1.000000,
1.031250,
1.063108,
1.033717,
1.000000,
1.062500,
1.000000,
1.062500,
1.051215,
1.031250,
1.000000,
1.052083,
1.000000,
1.000000,
1.031250,
1.065625,
1.026786,
1.062500,
1.038013,
1.031994,
1.046760,
1.000000,
1.062500,
1.049678,
1.031250,
1.000000,
1.000000,
1.031486,
1.000000,
1.000000,
1.000000,
1.000000,
1.031937,
1.028274,
1.000000,
1.031250,
1.036396,
1.046970,
1.031250,
1.027344,
1.045870,
1.031250,
1.031250,
1.031250,
1.000000,
1.000000,
1.000000,
1.025000,
1.043105,
1.030060,
1.025402,
1.000000,
1.062500,
1.029635,
1.062500,
1.031250,
1.000000,
1.030208,
1.000000,
1.000000,
1.000000,
1.031250,
1.037946,
1.000000,
1.031250,
1.000000,
1.040878,
1.031250,
1.000000,
1.052083,
1.000000,
1.000000,
1.000000,
1.031250,
1.000000,
1.021131,
1.000000,
1.000000,
1.000000,
1.000000,
1.031250,
1.045308,
1.031250,
1.031250,
1.031291,
1.000000,
1.024176,
1.000000,
1.031250,
1.000000,
1.000000,
1.031250,
1.000000,
1.034276,
1.033892,
1.000000,
1.028454,
1.000000,
1.026786,
1.000000,
1.031250,
1.017004,
1.023512,
1.000000,
1.031250,
1.000000,
1.000000,
1.028274,
1.065625,
1.031250,
1.000000,
1.000000,
1.031250,
1.027003,
1.000000,
1.000000,
1.000000,
1.029948,
1.000000,
1.000000,
1.000000,
1.034434,
1.030128,
1.000000,
1.031250,
1.031250,
1.028819,
1.031250,
1.000000,
1.031250,
1.022727,
1.000000,
1.000000,
1.031250,
1.020833,
1.026843,
1.000000,
1.031250,
1.062500,
1.031250,
1.031250,
1.029705,
1.028274,
1.000000,
1.000000,
1.000000,
1.000000,
1.000000,
1.026989,
1.000000,
1.031250,
1.045609,
1.000000,
1.000000,
1.000000,
1.000000,
1.000000,
1.000000,
1.023810,
1.031250,
1.000000,
1.000000,
1.000000,
1.000000,
1.000000,
1.031250,
1.000000,
1.031250,
1.031250,
1.000000,
1.000000,
1.000000,
1.031250,
1.019231,
1.000000,
1.032118,
1.023295,
1.027344,
1.062500,
1.000000,
1.000000,
1.031250,
1.000000,
1.000000,
1.031250,
1.000000,
1.000000,
1.031250,
1.024439,
1.000000,
1.000000,
1.062500,
1.000000,
1.000000,
1.000000,
1.000000,
1.000000,
1.020433,
1.000000,
1.028640,
1.025694,
1.000000,
1.031250,
1.031250,
1.000000,
1.000000,
1.000000,
1.062500,
1.000000,
1.031250,
1.031250,
1.031250,
1.028702,
1.026042,
1.032127,
1.031250,
1.000000,
1.000000,
1.026705,
1.000000,
1.017119,
1.000000,
1.025568,
1.000000,
1.000000,
1.031250,
1.000000,
1.000000,
1.000000,
1.027778,
1.035339,
1.026705,
1.062500,
1.033560,
1.031250,
1.000000,
1.000000,
1.000000,
1.015885,
1.031250,
1.017516,
1.031250,
1.000000,
1.018201,
1.062500,
1.031250,
1.029647,
1.031250,
1.031250,
1.000000,
1.000000,
1.000000,
1.000000,
1.000000,
1.000000,
1.000000,
1.093750,
1.000000,
1.021726,
1.000000,
1.000000,
1.000000,
1.000000,
1.000000,
1.019792,
1.020776,
1.000000,
1.026786,
1.026705,
1.000000,
1.000000,
1.000000,
1.000000,
1.000000,
1.000000,
1.000000,
1.000000,
1.000000,
1.000000,
1.000000,
1.021745,
1.000000,
1.000000,
1.000000,
1.000000,
1.031250,
1.000000,
1.000000,
1.052273,
1.000000,
1.000000,
1.000000,
1.000000,
1.000000,
1.022396,
1.022436,
1.000000,
1.000000,
1.000000,
1.018275,
1.031250,
1.030979,
1.031250,
1.031250,
1.000000,
1.017784,
1.000000,
1.031250,
1.000000,
1.020833,
1.025240,
1.000000,
1.017565,
1.000000,
1.020455,
1.000000,
1.000000,
1.000000,
1.028460,
1.000000,
1.000000,
1.019345,
1.022035,
1.000000,
1.018458,
1.000000,
1.024306,
1.031250,
1.025000,
1.020629,
1.031250,
1.000000,
1.031250,
1.000000,
1.000000,
1.000000,
1.000000,
1.010417,
1.019531,
1.038690,
1.000000,
1.031250,
1.000000,
1.000000,
1.031250,
1.000000,
1.020455,
1.000000,
1.000000,
1.000000,
1.000000,
1.013690,
1.031250,
1.000000,
1.000000,
1.031250,
1.015030,
1.031250,
1.000000,
1.020052,
1.000000,
1.000000,
1.000000,
1.031250,
1.000000,
1.072917,
1.000000,
1.000000,
1.000000,
1.000000,
1.000000,
1.034375,
1.000000,
1.062500,
1.000000,
1.000000,
1.000000,
1.000000,
1.000000,
1.000000,
1.000000,
1.029705,
1.000000,
1.000000,
1.031250,
1.000000,
1.015168,
1.000000,
1.000000,
1.000000,
1.000000,
1.000000,
1.013690,
1.000000,
1.000000,
1.000000,
1.031250,
1.000000,
1.000000,
1.019631,
1.000000,
1.000000,
1.000000,
1.031250,
1.000000,
1.022842,
1.024554,
1.031250,
1.000000,
1.027248,
1.032924,
1.000000,
1.000000,
1.000000,
1.000000,
1.000000,
1.000000,
1.020433,
1.000000,
1.000000,
1.031250,
1.000000,
1.028460,
1.000000,
1.000000,
1.000000,
1.029247,
1.000000,
1.017316,
1.000000,
1.000000,
1.000000,
1.000000,
1.027803,
1.000000,
1.031250,
1.000000,
1.032368,
1.031250,
1.020641,
1.000000,
1.017516,
1.000000,
1.000000,
1.031250,
1.016036,
1.019231,
1.041667,
1.000000,
1.031250,
1.000000,
1.017578,
1.000000,
1.000000,
1.000000,
1.023810,
1.000000,
1.016033,
1.000000,
1.000000,
1.000000,
1.000000,
1.000000,
1.000000,
1.028646,
1.000000,
1.000000,
1.015828,
1.021280,
1.000000,
1.000000,
1.000000,
1.000000,
1.000000,
1.000000,
1.000000,
1.000000,
1.013542,
1.000000,
1.000000,
1.000000,
1.000000,
1.000000,
1.009259,
1.000000,
1.000000,
1.031250,
1.000000,
1.031250,
1.017004,
1.019072,
1.000000,
1.000000,
1.000000,
1.000000,
1.031250,
1.000000,
1.000000,
1.000000,
1.031250,
1.000000,
1.026042,
1.000000,
1.000000,
1.028125,
1.031250,
1.031250,
1.062500,
1.000000,
1.000000,
1.000000,
1.026786,
1.000000,
1.000000,
1.031250,
1.020011,
1.031250,
1.000000,
1.020776,
1.000000,
1.000000,
1.000000,
1.000000,
1.000000,
1.000000,
1.000000,
1.031250,
1.000000,
1.025240,
1.000000,
1.000000,
1.000000,
1.022289,
1.000000,
1.000000,
1.031250,
1.000000,
1.031250,
1.031250,
1.006250,
1.024554,
1.000000,
1.000000,
1.000000,
1.031250,
1.031250,
1.000000,
1.031250,
1.026786,
1.000000,
1.017565,
1.031250,
1.031250,
1.000000,
1.031250,
1.000000,
1.000000,
1.000000,
1.021120,
1.000000,
1.017361,
1.000000,
1.000000,
1.000000,
1.000000,
1.031250,
1.000000,
1.009511,
1.000000,
1.021131,
1.022727,
1.000000,
1.000000,
1.022569,
1.000000,
1.000000,
1.031250,
1.019792,
1.000000,
1.000000,
1.000000,
1.000000,
1.000000,
1.031250,
1.000000,
1.000000,
1.021868,
1.000000,
1.000000,
1.000000,
1.000000,
1.031250,
1.018750,
1.000000,
1.027473,
1.031250,
1.017839,
1.000000,
1.000000,
1.000000,
1.000000,
1.000000,
1.000000,
1.000000,
1.000000,
1.015383,
1.000000,
1.031250,
1.000000,
1.000000,
1.031250,
1.000000,
1.000000,
1.031250,
1.000000,
1.008280,
1.000000,
1.012002,
1.000000,
1.020833,
1.000000,
1.000000,
1.000000,
1.026420,
1.000000,
1.000000,
1.000000,
1.000000,
1.010000,
1.000000,
1.000000,
1.000000,
1.000000,
1.000000,
1.020052,
1.000000,
1.000000,
1.016544,
1.000000,
1.031250,
1.010530,
1.000000,
1.013021,
1.000000,
1.031250,
1.000000,
1.000000,
1.011905,
1.000000,
1.000000,
1.000000,
1.000000,
1.000000,
1.000000,
1.022569,
1.031250,
1.031250,
1.000000,
1.000000,
1.031250,
1.000000,
1.000000,
1.019631,
1.031250,
1.014063,
1.000000,
1.000000,
1.000000,
1.000000,
1.000000,
1.000000,
1.025174,
1.031250,
1.000000,
1.000000,
1.000000,
1.000000,
1.000000,
1.000000,
1.000000,
1.000000,
1.000000,
1.000000,
1.011832,
1.000000,
1.000000,
1.000000,
1.000000,
1.000000,
1.031250,
1.021307,
1.000000,
1.000000,
1.008413,
1.000000,
1.000000,
1.000000,
1.026515,
1.000000,
1.000000,
1.000000,
1.031250,
1.000000,
1.000000,
1.000000,
1.000000,
1.000000,
1.000000,
1.000000,
1.022436,
1.000000,
1.000000,
1.000000,
1.000000,
1.000000,
1.000000,
1.013772,
1.000000,
1.000000,
1.020776,
1.000000,
1.000000,
1.031250,
1.000000,
1.000000,
1.014063,
1.031250,
1.000000,
1.000000,
1.000000,
1.029361,
1.014955,
1.000000,
1.022727,
1.011364,
1.013158,
1.019531,
1.031250,
1.000000,
1.000000,
1.000000,
1.000000,
1.031250,
1.000000,
1.000000,
1.000000,
1.000000,
1.000000,
1.000000,
1.000000,
1.000000,
1.000000,
1.015708,
1.011243,
1.000000,
1.000000,
1.000000,
1.000000,
1.000000,
1.000000,
1.011258,
1.031250,
1.000000,
1.000000,
1.000000,
1.000000,
1.000000,
1.000000,
1.000000,
1.031250,
1.000000,
1.020455,
1.031250,
1.000000,
1.000000,
1.000000,
1.000000,
1.000000,
1.031250,
1.014205,
1.000000,
1.000000,
1.031250,
1.000000,
1.000000,
1.000000,
1.000000,
1.000000,
1.031250,
1.000000,
1.000000,
1.000000,
1.000000,
1.000000,
1.000000,
1.000000,
1.031250,
1.000000,
1.012910,
1.031250,
1.000000,
1.000000,
1.031250,
1.020450,
1.018201,
1.000000,
1.031250,
1.000000,
1.000000,
1.000000,
1.000000,
1.000000,
1.000000,
1.000000,
1.000000,
1.000000,
1.025911,
1.000000,
1.000000,
1.000000,
1.000000,
1.013055,
1.000000,
1.000000,
1.000000,
1.000000,
1.000000,
1.000000,
1.000000,
1.031250,
1.000000,
1.000000,
1.000000,
1.000000,
1.000000,
1.000000,
1.000000,
1.026786,
1.000000,
1.021140,
1.000000,
1.031250,
1.062500,
1.031250,
1.012054,
1.000000,
1.000000,
1.009115,
1.000000,
1.000000,
1.000000,
1.000000,
1.000000,
1.000000,
1.000000,
1.000000,
1.016544,
1.000000,
1.000000,
1.031250,
1.016369,
1.031250,
1.000000,
1.000000,
1.000000,
1.000000,
1.062500,
1.000000,
1.000000,
1.000000,
1.000000,
1.000000,
1.000000,
1.000000,
1.000000,
1.000000,
1.000000,
1.000000,
1.016369,
1.000000,
1.000000,
1.000000,
1.000000,
1.000000,
1.000000,
1.000000,
1.022035,
1.000000,
1.000000,
1.000000,
1.005741,
1.000000,
1.000000,
1.007812,
1.031250,
1.000000,
1.000000,
1.000000,
1.000000,
1.000000,
1.000000,
1.000000,
1.000000,
1.031250,
1.000000,
1.000000,
1.000000,
1.000000,
1.000000,
1.000000,
1.031250,
1.000000,
1.000000,
1.000000,
1.000000,
1.031250,
1.000000,
1.000000,
1.000000,
1.018750,
1.000000,
1.000000,
1.031250,
1.000000,
1.015885,
1.000000,
1.000000,
1.000000,
1.000000,
1.000000,
1.000000,
1.000000,
1.000000,
1.000000,
1.014093,
1.000000,
1.000000,
1.000000,
1.008102,
1.000000,
1.000000,
1.000000,
1.000000,
1.000000,
1.000000,
1.031250,
1.000000,
1.000000,
1.000000,
1.000000,
1.000000,
1.000000,
1.000000,
1.000000,
1.010776,
1.000000,
1.000000,
1.000000,
1.000000,
1.000000,
1.000000,
1.000000,
1.031250,
1.031250,
1.000000,
1.031250,
1.000000,
1.000000,
1.000000,
1.031250,
1.000000,
1.000000,
1.000000,
1.000000,
1.000000,
1.031250,
1.000000,
1.000000,
1.000000,
1.000000,
1.010772,
1.031250,
1.000000,
1.031250,
1.000000,
1.000000,
1.000000,
1.000000,
1.000000,
1.000000,
1.000000,
1.000000,
1.000000,
1.000000,
1.010913,
1.000000,
1.000000,
1.031250,
1.000000,
1.000000,
1.000000,
1.000000,
1.000000,
1.000000,
1.031250,
1.000000,
1.000000,
1.000000,
1.000000,
1.000000,
1.031250,
1.000000,
1.000000,
1.000000,
1.000000,
1.000000,
1.000000,
1.000000,
1.013341,
1.000000,
1.000000,
1.000000,
1.000000,
1.000000,
1.007812,
1.000000,
1.000000,
1.000000,
1.000000,
1.000000,
1.036458,
1.000000,
1.014757,
1.026989,
1.000000,
1.000000,
1.014936,
1.000000,
1.000000,
1.016630,
1.000000,
1.000000,
1.000000,
1.000000,
1.000000,
1.000000,
1.000000,
1.000000,
1.017578,
1.000000,
1.000000,
1.000000,
1.000000,
1.000000,
1.000000,
1.000000,
1.000000,
1.000000,
1.031250,
1.009511,
1.000000,
1.000000,
1.020833,
1.000000,
1.000000,
1.025298,
1.031250,
1.000000,
1.000000,
1.000000,
1.008510,
1.010993,
1.000000,
1.006696,
1.031250,
1.000000,
1.014391,
1.000000,
1.007500,
1.022035,
1.000000,
1.000000,
1.000000,
1.000000,
1.018676,
1.036458,
1.000000,
1.000000,
1.000000,
1.014227,
1.000000,
1.031250,
1.000000,
1.009228,
1.031250,
1.031250,
1.000000,
1.000000,
1.000000,
1.000000,
1.016813,
1.000000,
1.031250,
1.000000,
1.008558,
1.000000,
1.000000,
1.010643,
1.013221,
1.000000,
1.000000,
1.000000,
1.000000,
1.000000,
1.000000,
1.009775,
1.000000,
1.000000,
1.000000,
1.000000,
1.000000,
1.000000,
1.000000,
1.000000,
1.000000,
1.000000,
1.015885,
1.000000,
1.009115,
1.000000,
1.031250,
1.031250,
1.006944,
1.016964,
1.004464,
1.000000,
1.000000,
1.000000,
1.000000,
1.000000,
1.000000,
1.000000,
1.000000,
1.000000,
1.000000,
1.000000,
1.010870,
1.012919,
1.000000,
1.000000,
1.000000,
1.000000,
1.000000,
1.000000,
1.000000,
1.000000,
1.000000,
1.000000,
1.009712,
1.020833,
1.000000,
1.000000,
1.015829,
1.000000,
1.000000,
1.000000,
1.000000,
1.000000,
1.000000,
1.016088,
1.000000,
1.000000,
1.000000,
1.000000,
1.000000,
1.000000,
1.027344,
1.000000,
1.000000,
1.007500,
1.000000,
1.000000,
1.000000,
1.000000,
1.000000,
1.000000,
1.000000,
1.000000,
1.000000,
1.000000,
1.008854,
1.031250,
1.000000,
1.000000,
1.000000,
1.000000,
1.000000,
1.000000,
1.000000,
1.000000,
1.000000,
1.000000,
1.000000,
1.000000,
1.000000,
1.021131,
1.000000,
1.010993,
1.000000,
1.000000,
1.000000,
1.000000,
1.020455,
1.000000,
1.000000,
1.000000,
1.000000,
1.000000,
1.000000,
1.000000,
1.000000,
1.000000,
1.011719,
1.000000,
1.000000,
1.019231,
1.005787,
1.000000,
1.000000,
1.000000,
1.000000,
1.000000,
1.000000,
1.000000,
1.000000,
1.000000,
1.000000,
1.000000,
1.000000,
1.008510,
1.031250,
1.000000,
1.000000,
1.000000,
1.031250,
1.000000,
1.007056,
1.006629,
1.000000,
1.000000,
1.000000,
1.000000,
1.000000,
1.000000,
1.000000,
1.000000,
1.000000,
1.000000,
1.000000,
1.000000,
1.000000,
1.000000,
1.020833,
1.000000,
1.000000,
1.008405,
1.031250,
1.018750,
1.031250,
1.031250,
1.018201,
1.031250,
1.000000,
1.000000,
1.000000,
1.000000,
1.000000,
1.000000,
1.000000,
1.000000,
1.000000,
1.000000,
1.009341,
1.031250,
1.000000,
1.031250,
1.000000,
1.000000,
1.000000,
1.000000,
1.000000,
1.000000,
1.008750,
1.000000,
1.000000,
1.000000,
1.023864,
1.000000,
1.000000,
1.000000,
1.018612,
1.000000,
1.000000,
1.000000,
1.000000,
1.000000,
1.000000,
1.000000,
1.000000,
1.014093,
1.000000,
1.000000,
1.000000,
1.000000,
1.031250,
1.000000,
1.031250,
1.000000,
1.000000,
1.000000,
1.000000,
1.000000,
1.000000,
1.000000,
1.000000,
1.000000,
1.000000,
1.000000,
1.000000,
1.000000,
1.000000,
1.000000,
1.000000,
1.000000,
1.010045,
1.000000,
1.000000,
1.000000,
1.000000,
1.000000,
1.000000,
1.000000,
1.018750,
1.000000,
1.000000,
1.000000,
1.031250,
1.000000,
1.000000,
1.015168,
1.000000,
1.000000,
1.000000,
1.021429,
1.000000,
1.000000,
1.000000,
1.000000,
1.000000,
1.031250,
1.000000,
1.000000,
1.000000,
1.000000,
1.000000,
1.000000,
1.000000,
1.000000,
1.000000,
1.000000,
1.000000,
1.000000,
1.000000,
1.000000,
1.000000,
1.000000,
1.000000,
1.015165,
1.000000,
1.031250,
1.000000,
1.000000,
1.031250,
1.000000,
1.000000,
1.009470,
1.000000,
1.000000,
1.000000,
1.010000,
1.007033,
1.014093,
1.000000,
1.000000,
1.009634,
1.000000,
1.000000,
1.031250,
1.031250,
1.000000,
1.000000,
1.007056,
1.000000,
1.000000,
1.000000,
1.000000,
1.031250,
1.031250,
