45.078125,
24.234375,
17.106771,
14.572470,
11.137760,
10.091220,
8.553609,
7.727703,
6.299479,
5.766927,
5.552927,
5.356641,
5.154136,
4.870791,
4.304458,
4.201551,
4.086031,
3.681882,
3.782341,
3.599882,
3.521350,
3.403476,
3.135781,
3.224571,
3.082199,
3.086146,
3.076267,
3.034444,
2.635603,
2.736328,
2.640802,
2.809973,
2.725191,
2.531181,
2.335472,
2.646754,
2.510305,
2.339695,
2.362429,
2.223296,
2.255418,
2.202994,
2.226035,
2.017780,
2.042051,
2.241680,
1.904007,
2.238368,
2.147031,
1.851426,
2.062898,
2.117663,
1.998638,
1.866927,
1.877170,
1.980499,
1.829415,
1.725298,
1.839536,
1.836130,
1.923372,
1.893588,
1.757887,
1.833048,
1.705103,
1.827442,
1.707339,
1.773841,
1.807365,
1.778784,
1.738727,
1.620939,
1.517188,
1.722615,
1.803166,
1.799121,
1.516778,
1.606090,
1.617068,
1.529167,
1.466667,
1.563281,
1.751584,
1.623375,
1.655654,
1.411452,
1.678599,
1.579269,
1.612295,
1.540260,
1.604047,
1.531130,
1.508997,
1.517510,
1.492521,
1.567730,
1.550680,
1.570249,
1.523214,
1.516636,
1.472519,
1.468569,
1.446875,
1.465904,
1.485220,
1.567323,
1.455743,
1.473687,
1.571773,
1.458400,
1.489652,
1.473099,
1.504917,
1.355478,
1.444538,
1.437323,
1.479450,
1.412153,
1.361777,
1.363002,
1.234375,
1.433874,
1.462971,
1.386281,
1.421508,
1.409054,
1.379652,
1.390272,
1.444293,
1.398742,
1.391716,
1.355978,
1.156250,
1.334673,
1.326654,
1.439395,
1.380166,
1.344411,
1.304688,
1.378986,
1.393989,
1.350949,
1.349554,
1.324745,
1.348760,
1.268229,
1.358829,
1.322656,
1.220573,
1.250260,
1.325283,
1.288052,
1.300435,
1.318126,
1.303229,
1.284989,
1.285774,
1.268572,
1.271434,
1.332050,
1.329880,
1.274740,
1.273918,
1.156250,
1.305841,
1.299364,
1.261731,
1.290587,
1.282465,
1.322406,
1.304489,
1.239583,
1.319409,
1.252480,
1.318707,
1.313349,
1.251184,
1.254584,
1.274405,
1.109375,
1.234375,
1.274215,
1.287339,
1.310312,
1.287198,
1.260050,
1.212500,
1.227057,
1.305283,
1.235250,
1.331610,
1.267061,
1.228283,
1.270151,
1.173456,
1.241371,
1.277145,
1.235821,
1.204241,
1.250734,
1.221848,
1.246380,
1.225054,
1.202598,
1.242491,
1.188356,
1.239783,
1.252790,
1.227401,
1.244656,
1.251799,
1.240965,
1.198103,
1.196223,
1.191700,
1.240077,
1.238827,
1.202571,
1.235212,
1.218729,
1.207549,
1.093750,
1.219036,
1.250411,
1.215761,
1.218628,
1.157575,
1.175134,
1.203076,
1.215713,
1.218490,
1.206218,
1.159782,
1.215286,
1.205666,
1.190188,
1.176869,
1.189286,
1.219712,
1.188313,
1.210897,
1.209885,
1.197793,
1.196023,
1.185826,
1.186601,
1.215464,
1.192335,
1.213195,
1.222255,
1.207124,
1.207924,
1.140625,
1.187240,
1.174479,
1.193490,
1.198146,
1.192956,
1.141443,
1.164584,
1.209615,
1.187749,
1.196608,
1.155729,
1.167311,
1.193690,
1.190551,
1.168410,
1.157137,
1.140625,
1.116414,
1.121094,
1.190018,
1.122917,
1.201011,
1.174100,
1.167969,
1.151801,
1.155320,
1.125000,
1.158182,
1.202977,
1.161223,
1.163025,
1.187612,
1.205268,
1.145874,
1.175200,
1.164893,
1.164348,
1.170730,
1.109375,
1.140981,
1.145024,
1.182229,
1.129880,
1.199944,
1.121665,
1.157469,
1.137287,
1.162487,
1.109375,
1.177381,
1.101562,
1.138265,
1.143087,
1.124120,
1.156141,
1.147532,
1.155883,
1.148744,
1.137649,
1.150319,
1.144531,
1.166667,
1.143229,
1.127083,
1.161068,
1.142709,
1.140990,
1.115104,
1.139349,
1.078125,
1.156250,
1.149967,
1.109375,
1.140483,
1.154167,
1.129371,
1.151055,
1.078125,
1.098214,
1.114512,
1.107978,
1.121615,
1.120266,
1.115625,
1.149219,
1.110669,
1.113052,
1.127055,
1.101562,
1.089732,
1.135701,
1.122154,
1.132533,
1.100353,
1.116562,
1.126877,
1.093750,
1.134782,
1.128165,
1.132195,
1.136664,
1.110014,
1.119355,
1.133723,
1.146039,
1.120097,
1.127542,
1.085156,
1.151158,
1.108902,
1.124630,
1.128220,
1.130628,
1.093843,
1.134866,
1.144068,
1.093750,
1.132813,
1.120313,
1.142448,
1.096149,
1.108910,
1.108203,
1.138543,
1.105711,
1.099700,
1.099479,
1.123793,
1.099144,
1.121978,
1.108516,
1.128906,
1.115203,
1.116127,
1.126705,
1.139044,
1.093750,
1.062500,
1.129364,
1.119172,
1.126680,
1.123469,
1.078125,
1.123335,
1.108207,
1.112068,
1.143015,
1.078125,
1.130655,
1.093750,
1.099265,
1.110673,
1.112446,
1.095174,
1.125000,
1.114851,
1.078906,
1.122917,
1.117330,
1.109375,
1.078125,
1.062500,
1.110468,
1.101547,
1.104468,
1.105261,
1.101302,
1.111108,
1.108239,
1.080208,
1.109375,
1.100031,
1.126823,
1.104877,
1.091004,
1.144520,
1.115408,
1.151311,
1.107071,
1.062500,
1.106422,
1.108611,
1.031250,
1.046875,
1.062500,
1.108415,
1.092637,
1.000000,
1.114828,
1.062500,
1.000000,
1.098744,
1.085900,
1.099919,
1.095648,
1.072619,
1.078125,
1.101315,
1.090960,
1.108802,
1.111839,
1.046875,
1.110498,
1.108336,
1.113796,
1.112520,
1.107148,
1.096465,
1.094878,
1.151590,
1.104167,
1.126563,
1.094444,
1.105927,
1.102344,
1.095916,
1.121094,
1.106288,
1.100570,
1.089409,
1.100967,
1.122796,
1.062500,
1.095982,
1.082335,
1.093750,
1.098022,
1.097939,
1.086456,
1.083333,
1.120358,
1.106159,
1.137444,
1.000000,
1.111477,
1.089402,
1.000000,
1.081929,
1.107813,
1.039062,
1.031250,
1.098711,
1.043527,
1.091301,
1.085938,
1.072824,
1.085008,
1.078125,
1.084604,
1.085938,
1.046875,
1.127604,
1.089602,
1.046875,
1.085417,
1.070313,
1.091924,
1.106039,
1.068679,
1.077284,
1.072491,
1.083317,
1.095052,
1.083038,
1.091239,
1.123509,
1.094125,
1.101059,
1.106771,
1.031250,
1.080918,
1.085673,
1.088139,
1.078261,
1.078125,
1.088194,
1.070095,
1.093990,
1.103417,
1.074312,
1.084625,
1.077309,
1.076120,
1.102547,
1.098059,
1.094494,
1.046875,
1.072266,
1.110212,
1.000000,
1.076814,
1.086740,
1.000000,
1.064732,
1.091059,
1.081595,
1.074566,
1.052604,
1.082620,
1.060156,
1.081713,
1.093750,
1.086701,
1.080224,
1.075614,
1.058016,
1.063969,
1.078125,
1.070219,
1.046875,
1.078398,
1.084261,
1.000000,
1.062283,
1.076863,
1.081061,
1.086314,
1.074526,
1.046875,
1.046875,
1.084938,
1.067188,
1.070313,
1.062500,
1.090212,
1.099330,
1.031250,
1.062500,
1.046317,
1.064019,
1.068356,
1.082158,
1.079993,
1.097590,
1.096615,
1.046875,
1.090592,
1.077315,
1.063337,
1.107031,
1.057268,
1.046875,
1.062649,
1.069259,
1.067803,
1.095814,
1.082951,
1.046875,
1.076007,
1.048437,
1.064005,
1.062326,
1.076916,
1.071243,
1.076745,
1.068107,
1.064732,
1.067302,
1.046875,
1.046875,
1.064844,
1.076870,
1.063415,
1.082296,
1.061032,
1.064280,
1.065625,
1.072483,
1.093750,
1.062500,
1.078398,
1.079340,
1.065582,
1.071987,
1.073190,
1.062500,
1.060937,
1.046875,
1.052083,
1.090847,
1.031250,
1.062872,
1.063244,
1.015625,
1.063116,
1.109375,
1.077083,
1.070608,
1.068387,
1.071875,
1.070313,
1.031250,
1.043750,
1.061458,
1.070312,
1.049897,
1.046875,
1.078125,
1.074777,
1.091486,
1.064174,
1.060156,
1.059124,
1.031250,
1.068075,
1.078598,
1.093750,
1.064489,
1.072061,
1.052083,
1.046875,
1.049675,
1.064063,
1.068186,
1.093750,
1.063510,
1.078965,
1.031250,
1.063446,
1.066261,
1.067708,
1.091518,
1.053125,
1.057624,
1.066998,
1.057199,
1.077364,
1.000000,
1.072173,
1.031250,
1.048532,
1.074033,
1.046875,
1.047991,
1.077768,
1.064019,
1.067649,
1.070592,
1.064533,
1.056866,
1.046875,
1.046875,
1.061899,
1.043750,
1.057292,
1.043248,
1.046875,
1.031250,
1.072083,
1.047024,
1.039062,
1.047917,
1.061976,
1.046875,
1.035937,
1.062500,
1.081017,
1.062500,
1.043750,
1.061344,
1.031250,
1.069324,
1.078125,
1.075875,
1.035156,
1.055339,
1.062500,
1.052841,
1.065783,
1.054688,
1.031250,
1.068666,
1.051237,
1.031250,
1.054688,
1.053881,
1.065625,
1.031250,
1.057781,
1.058949,
1.048958,
1.091332,
1.085417,
1.042614,
1.031250,
1.059253,
1.061884,
1.031250,
1.062746,
1.031250,
1.052603,
1.039063,
1.049242,
1.063270,
1.063905,
1.058563,
1.087612,
1.059826,
1.046875,
1.047443,
1.000000,
1.080729,
1.078125,
1.058379,
1.050690,
1.064353,
1.059821,
1.054700,
1.067371,
1.000000,
1.031250,
1.031250,
1.065483,
1.015625,
1.069624,
1.065837,
1.062500,
1.046875,
1.053125,
1.049013,
1.043750,
1.058682,
1.065365,
1.057144,
1.061942,
1.061126,
1.040365,
1.060551,
1.031250,
1.057106,
1.000000,
1.042377,
1.039844,
1.037760,
1.047092,
1.048958,
1.046875,
1.061628,
1.043899,
1.064283,
1.048935,
1.015625,
1.039063,
1.048990,
1.015625,
1.044562,
1.044034,
1.046875,
1.068359,
1.058222,
1.076836,
1.043823,
1.065625,
1.053101,
1.060934,
1.042123,
1.044457,
1.052884,
1.046596,
1.055256,
1.061556,
1.054091,
1.061295,
1.057907,
1.054873,
1.049777,
1.060342,
1.061979,
1.062500,
1.031250,
1.077012,
1.056621,
1.035156,
1.000000,
1.048958,
1.063058,
1.050149,
1.054253,
1.064063,
1.067274,
1.058352,
1.060559,
1.046875,
1.043750,
1.051760,
1.029855,
1.057986,
1.070529,
1.037109,
1.000000,
1.000000,
1.049127,
1.054045,
1.070833,
1.046875,
1.036458,
1.000000,
1.000000,
1.051074,
1.059787,
1.032366,
1.031250,
1.062500,
1.062500,
1.031250,
1.000000,
1.047712,
1.015625,
1.048326,
1.049882,
1.064732,
1.053587,
1.074405,
1.045873,
1.031250,
1.044922,
1.051537,
1.042969,
1.046875,
1.031250,
1.031250,
1.050441,
1.029762,
1.049219,
1.049337,
1.031250,
1.018229,
1.061777,
1.048779,
1.046125,
1.031250,
1.031250,
1.053571,
1.031250,
1.015625,
1.046875,
1.000000,
1.031250,
1.046875,
1.056033,
1.031250,
1.043466,
1.042731,
1.054688,
1.000000,
1.054707,
1.042318,
1.064266,
1.036235,
1.015625,
1.000000,
1.039062,
1.062500,
1.061632,
1.032087,
1.031250,
1.000000,
1.045697,
1.062500,
1.031250,
1.020833,
1.029762,
1.000000,
1.068750,
1.046875,
1.057366,
1.043513,
1.047396,
1.038542,
1.046875,
1.029855,
1.061341,
1.040458,
1.054072,
1.056676,
1.000000,
1.060206,
1.054018,
1.047917,
1.047049,
1.000000,
1.031250,
1.042188,
1.000000,
1.046875,
1.046875,
1.038976,
1.047406,
1.029018,
1.046875,
1.031250,
1.040219,
1.032335,
1.058209,
1.057543,
1.000000,
1.040068,
1.043750,
1.051940,
1.000000,
1.054075,
1.037287,
1.062500,
1.000000,
1.039146,
1.031250,
1.042718,
1.045464,
1.044365,
1.054688,
1.042188,
1.042067,
1.031250,
1.045387,
1.031467,
1.015625,
1.047775,
1.031250,
1.047656,
1.031250,
1.030903,
1.036813,
1.051145,
1.037942,
1.058073,
1.036932,
1.031250,
1.055556,
1.046875,
1.000000,
1.053571,
1.000000,
1.037642,
1.040409,
1.015625,
1.041767,
1.040319,
1.053571,
1.000000,
1.036936,
1.019531,
1.048735,
1.000000,
1.046875,
1.030966,
1.041574,
1.046875,
1.036817,
1.046094,
1.031250,
1.054967,
1.031250,
1.059067,
1.031250,
1.029297,
1.043372,
1.000000,
1.046841,
1.052509,
1.039062,
1.047159,
1.015625,
1.050069,
1.031250,
1.046652,
1.037997,
1.030556,
1.047216,
1.059505,
1.042101,
1.015625,
1.023996,
1.045480,
1.052951,
1.062500,
1.041681,
1.045759,
1.043155,
1.031250,
1.031250,
1.035609,
1.033110,
1.046875,
1.040507,
1.031250,
1.032031,
1.054596,
1.039252,
1.046875,
1.048793,
1.000000,
1.038707,
1.031250,
1.039606,
1.040704,
1.046875,
1.046390,
1.041434,
1.052839,
1.059343,
1.000000,
1.000000,
1.015625,
1.044618,
1.028993,
1.050651,
1.031250,
1.000000,
1.000000,
1.000000,
1.046875,
1.037184,
1.031250,
1.039063,
1.026563,
1.030658,
1.015625,
1.043655,
1.046875,
1.033854,
1.052757,
1.030134,
1.000000,
1.039200,
1.039258,
1.062500,
1.065278,
1.041066,
1.045759,
1.031250,
1.045773,
1.036080,
1.015625,
1.039062,
1.000000,
1.039792,
1.015625,
1.046658,
1.043750,
1.045943,
1.015625,
1.042467,
1.038190,
1.031250,
1.037287,
1.000000,
1.031250,
1.034899,
1.031948,
1.030599,
1.044602,
1.040232,
1.027623,
1.031250,
1.039881,
1.000000,
1.040985,
1.031250,
1.042472,
1.046875,
1.000000,
1.031250,
1.056944,
1.000000,
1.043527,
1.015625,
1.034142,
1.045028,
1.026297,
1.041450,
1.046038,
1.000000,
1.043620,
1.028977,
1.051468,
1.031013,
1.045312,
1.025095,
1.000000,
1.015625,
1.000000,
1.029911,
1.042881,
1.000000,
1.031250,
1.043924,
1.031250,
1.035377,
1.000000,
1.000000,
1.043897,
1.024432,
1.015625,
1.000000,
1.045833,
1.000000,
1.045099,
1.023438,
1.039497,
1.035843,
1.036458,
1.031250,
1.000000,
1.031250,
1.046875,
1.015625,
1.000000,
1.031250,
1.030729,
1.015625,
1.000000,
1.015625,
1.042752,
1.057664,
1.026910,
1.039085,
1.030868,
1.031250,
1.015625,
1.052083,
1.070312,
1.046131,
1.039435,
1.057171,
1.000000,
1.054650,
1.047656,
1.053571,
1.000000,
1.037908,
1.031250,
1.000000,
1.044453,
1.029297,
1.038061,
1.037500,
1.000000,
1.030382,
1.031250,
1.046875,
1.031250,
1.050828,
1.030134,
1.033381,
1.039966,
1.000000,
1.030143,
1.031250,
1.000000,
1.029247,
1.039732,
1.032386,
1.031622,
1.044922,
1.039062,
1.031250,
1.037174,
1.055804,
1.015625,
1.015625,
1.000000,
1.015625,
1.000000,
1.045759,
1.015625,
1.039679,
1.015625,
1.030506,
1.026910,
1.031250,
1.042411,
1.029514,
1.000000,
1.043750,
1.034462,
1.044156,
1.062500,
1.031250,
1.015625,
1.032450,
1.000000,
1.030452,
1.015625,
1.031250,
1.015625,
1.000000,
1.028212,
1.015625,
1.031250,
1.015625,
1.028125,
1.015625,
1.028245,
1.029948,
1.040865,
1.000000,
1.000000,
1.035156,
1.029688,
1.015625,
1.000000,
1.000000,
1.031944,
1.030035,
1.031250,
1.024219,
1.000000,
1.011161,
1.026563,
1.038709,
1.000000,
1.026281,
1.031250,
1.052257,
1.028646,
1.029018,
1.025298,
1.039062,
1.000000,
1.026786,
1.029297,
1.032366,
1.015625,
1.040458,
1.000000,
1.023911,
1.015625,
1.000000,
1.025391,
1.015625,
1.030208,
1.044792,
1.043824,
1.027344,
1.028245,
1.000000,
1.046708,
1.030369,
1.000000,
1.041667,
1.000000,
1.028125,
1.031250,
1.000000,
1.026042,
1.040799,
1.000000,
1.031250,
1.042039,
1.038905,
1.024511,
1.000000,
1.015625,
1.030729,
1.031250,
1.049479,
1.042014,
1.027604,
1.021429,
1.033110,
1.035417,
1.032031,
1.026786,
1.031250,
1.035671,
1.029018,
1.031250,
1.040365,
1.031250,
1.041106,
1.000000,
1.000000,
1.000000,
1.000000,
1.031250,
1.043395,
1.033778,
1.000000,
1.015625,
1.033333,
1.024740,
1.031250,
1.015625,
1.049842,
1.015625,
1.038068,
1.046875,
1.030256,
1.062500,
1.013393,
1.015625,
1.032812,
1.031250,
1.000000,
1.000000,
1.000000,
1.000000,
1.031771,
1.027902,
1.029010,
1.032087,
1.046875,
1.034821,
1.028220,
1.000000,
1.032118,
1.031250,
1.029762,
1.000000,
1.031250,
1.025694,
1.027257,
1.036497,
1.033807,
1.041574,
1.030816,
1.041266,
1.028906,
1.037603,
1.040288,
1.000000,
1.037847,
1.000000,
1.023698,
1.000000,
1.038225,
1.032103,
1.045072,
1.032080,
1.000000,
1.046875,
1.000000,
1.028125,
1.035156,
1.000000,
1.031250,
1.000000,
1.031382,
1.035772,
1.030540,
1.015625,
1.028391,
1.000000,
1.035371,
1.030971,
1.000000,
1.030114,
1.025298,
1.015625,
1.000000,
1.000000,
1.044767,
1.000000,
1.015625,
1.025240,
1.015625,
1.030382,
1.031250,
1.031250,
1.000000,
1.046875,
1.034961,
1.031250,
1.045387,
1.000000,
1.032887,
1.015625,
1.026711,
1.015625,
1.015625,
1.000000,
1.033854,
1.015997,
1.030928,
1.000000,
1.000000,
1.025347,
1.037500,
1.031250,
1.028646,
1.026497,
1.039181,
1.015625,
1.015625,
1.030729,
1.015625,
1.027561,
1.036648,
1.027580,
1.015625,
1.000000,
1.000000,
1.028977,
1.000000,
1.031250,
1.031250,
1.025391,
1.028274,
1.000000,
1.031250,
1.000000,
1.023438,
1.015625,
1.000000,
1.030895,
1.019768,
1.015625,
1.015625,
1.023438,
1.031929,
1.015625,
1.038032,
1.031250,
1.031771,
1.030895,
1.000000,
1.033779,
1.027530,
1.030849,
1.015625,
1.015912,
1.000000,
1.022665,
1.036103,
1.000000,
1.031250,
1.031250,
1.028171,
1.015625,
1.030745,
1.026941,
1.015625,
1.026674,
1.028125,
1.034409,
1.000000,
1.018229,
1.015625,
1.000000,
1.029167,
1.033854,
1.000000,
1.037247,
1.000000,
1.033333,
1.029018,
1.036101,
1.000000,
1.029018,
1.000000,
1.025000,
1.018750,
1.023867,
1.031751,
1.000000,
1.000000,
1.015625,
1.000000,
1.000000,
1.015625,
1.000000,
1.038889,
1.000000,
1.000000,
1.000000,
1.031250,
1.000000,
1.000000,
1.000000,
1.031250,
1.015625,
1.024740,
1.015625,
1.000000,
1.000000,
1.043527,
1.031250,
1.020833,
1.029715,
1.031250,
1.000000,
1.024935,
1.026476,
1.015625,
1.026563,
1.042898,
1.000000,
1.043527,
1.000000,
1.032813,
1.026693,
1.014347,
1.031250,
1.000000,
1.031250,
1.033455,
1.031250,
1.026099,
1.029664,
1.015625,
1.015625,
1.031994,
1.031250,
1.000000,
1.000000,
1.000000,
1.015625,
1.028125,
1.015625,
1.023037,
1.000000,
1.045186,
1.016992,
1.023722,
1.015625,
1.000000,
1.029836,
1.031250,
1.025450,
1.000000,
1.044488,
1.015625,
1.027232,
1.040104,
1.000000,
1.016406,
1.000000,
1.027257,
1.031250,
1.015625,
1.028738,
1.000000,
1.022259,
1.000000,
1.023337,
1.029688,
1.000000,
1.031250,
1.025641,
1.028423,
1.029447,
1.039117,
1.028863,
1.030469,
1.015625,
1.044792,
1.046875,
1.000000,
1.000000,
1.028646,
1.024029,
1.000000,
1.042322,
1.000000,
1.015625,
1.000000,
1.000000,
1.015625,
1.015625,
1.031250,
1.043527,
1.018229,
1.000000,
1.030434,
1.015625,
1.029830,
1.021505,
1.015625,
1.029584,
1.000000,
1.015625,
1.015625,
1.044922,
1.000000,
1.031250,
1.027530,
1.015625,
1.029705,
1.029688,
1.046875,
1.000000,
1.020833,
1.034593,
1.031250,
1.015625,
1.000000,
1.028308,
1.044815,
1.015625,
1.015625,
1.000000,
1.032137,
1.015625,
1.026786,
1.000000,
1.000000,
1.000000,
1.024574,
1.000000,
1.000000,
1.022727,
1.000000,
1.031250,
1.025641,
1.000000,
1.023637,
1.025391,
1.000000,
1.025174,
1.031250,
1.015625,
1.000000,
1.024740,
1.015625,
1.015625,
1.021070,
1.028409,
1.000000,
1.022372,
1.028274,
1.025213,
1.015625,
1.015625,
1.023438,
1.015625,
1.031250,
1.015625,
1.031250,
1.030992,
1.015625,
1.000000,
1.027799,
1.012500,
1.020455,
1.000000,
1.015625,
1.015625,
1.046875,
1.028125,
1.029647,
1.029855,
1.028125,
1.031250,
1.022228,
1.000000,
1.000000,
1.000000,
1.000000,
1.000000,
1.031250,
1.013393,
1.033529,
1.000000,
1.026278,
1.036103,
1.000000,
1.030506,
1.034970,
1.000000,
1.000000,
1.030382,
1.031250,
1.026786,
1.000000,
1.013021,
1.030066,
1.029762,
1.026515,
1.027257,
1.023300,
1.029762,
1.015625,
1.000000,
1.000000,
1.036032,
1.031250,
1.027415,
1.014171,
1.015625,
1.000000,
1.025651,
1.031250,
1.027530,
1.000000,
1.028739,
1.000000,
1.031250,
1.000000,
1.015625,
1.029962,
1.030522,
1.029119,
1.000000,
1.025939,
1.011161,
1.000000,
1.015625,
1.000000,
1.021686,
1.000000,
1.015625,
1.031250,
1.023996,
1.025949,
1.000000,
1.031157,
1.030208,
1.048438,
1.000000,
1.021591,
1.024242,
1.000000,
1.030849,
1.015625,
1.046875,
1.000000,
1.012500,
1.000000,
1.000000,
1.000000,
1.031250,
1.025069,
1.000000,
1.000000,
1.031250,
1.025949,
1.013393,
1.015625,
1.031250,
1.000000,
1.000000,
1.024740,
1.000000,
1.022751,
1.021591,
1.000000,
1.000000,
1.031250,
1.032366,
1.000000,
1.000000,
1.031250,
1.015625,
1.015625,
1.031250,
1.000000,
1.015625,
1.025896,
1.015625,
1.000000,
1.000000,
1.028674,
1.000000,
1.000000,
1.034319,
1.024041,
1.026507,
1.000000,
1.030091,
1.015625,
1.022661,
1.016667,
1.031250,
1.027298,
1.000000,
1.000000,
1.028212,
1.000000,
1.000000,
1.000000,
1.014681,
1.000000,
1.015625,
1.029297,
1.039062,
1.024357,
1.000000,
1.000000,
1.015625,
1.025852,
1.036458,
1.000000,
1.015625,
1.000000,
1.000000,
1.031250,
1.000000,
1.011719,
1.000000,
1.000000,
1.000000,
1.031250,
1.015625,
1.030729,
1.000000,
1.000000,
1.015625,
1.015625,
1.000000,
1.000000,
1.015625,
1.031250,
1.031250,
1.000000,
1.015625,
1.028125,
1.012500,
1.026476,
1.015625,
1.012500,
1.000000,
1.000000,
1.015625,
1.018497,
1.000000,
1.000000,
1.000000,
1.000000,
1.019531,
1.015625,
1.015625,
1.026488,
1.016458,
1.015625,
1.011161,
1.029848,
1.031250,
1.000000,
1.000000,
1.000000,
1.031250,
1.015625,
1.000000,
1.000000,
1.020833,
1.015625,
1.012500,
1.028646,
1.000000,
1.000000,
1.027817,
1.029447,
1.015625,
1.000000,
1.015625,
1.023003,
1.015625,
1.000000,
1.046875,
1.015625,
1.015625,
1.016146,
1.015625,
1.000000,
1.019122,
1.000000,
1.000000,
1.031250,
1.015625,
1.000000,
1.000000,
1.015625,
1.015625,
1.000000,
1.020833,
1.000000,
1.000000,
1.023011,
1.015625,
1.026563,
1.046875,
1.000000,
1.015625,
1.031250,
1.015625,
1.023037,
1.000000,
1.000000,
1.000000,
1.000000,
1.000000,
1.015625,
1.000000,
1.019196,
1.023003,
1.028172,
1.028125,
1.015625,
1.000000,
1.000000,
1.012500,
1.021635,
1.000000,
1.000000,
1.018229,
1.024725,
1.000000,
1.000000,
1.000000,
1.000000,
1.000000,
1.014230,
1.000000,
1.000000,
1.000000,
1.018750,
1.030720,
1.015625,
1.000000,
1.030072,
1.024405,
1.000000,
1.015625,
1.031250,
1.000000,
1.018750,
1.024306,
1.031250,
1.000000,
1.015625,
1.027065,
1.000000,
1.031250,
1.031250,
1.030692,
1.000000,
1.000000,
1.000000,
1.014824,
1.015625,
1.026563,
1.028125,
1.015625,
1.032366,
1.000000,
1.015625,
1.012500,
1.031250,
1.015625,
1.015625,
1.015625,
1.000000,
1.031250,
1.030729,
1.013765,
1.027273,
1.015862,
1.000000,
1.000000,
1.021720,
1.015625,
1.000000,
1.015997,
1.025298,
1.027530,
1.015625,
1.015625,
1.000000,
1.026476,
1.000000,
1.000000,
1.000000,
1.020565,
1.000000,
1.000000,
1.020347,
1.011161,
1.015625,
1.028497,
1.000000,
1.015625,
1.016276,
1.028460,
1.028125,
1.000000,
1.000000,
1.028863,
1.030165,
1.028181,
1.000000,
1.000000,
1.015625,
1.033854,
1.000000,
1.031250,
1.030692,
1.000000,
1.000000,
1.000000,
1.020833,
1.012153,
1.015625,
1.025521,
1.015625,
1.000000,
