14.812500,
14.812500,
14.812500,
14.812500,
14.812500,
8.116015,
8.731198,
8.262748,
7.825184,
7.318584,
8.679781,
5.930658,
6.719991,
6.752159,
6.707244,
5.681336,
7.322743,
4.711186,
6.358034,
4.497660,
5.885149,
5.861491,
4.690526,
4.319934,
3.856084,
3.814736,
4.636213,
5.555071,
3.697382,
3.260934,
3.404475,
3.775869,
2.527016,
3.568943,
2.758137,
3.185979,
2.765845,
3.198210,
2.275507,
3.437515,
3.452661,
2.751268,
2.713200,
2.377591,
2.568018,
2.314639,
2.651352,
1.908844,
2.288696,
2.602195,
2.148542,
2.527469,
2.701690,
2.020132,
2.095988,
1.918207,
1.888995,
1.983454,
1.926683,
2.636327,
1.779636,
1.874320,
1.669555,
1.574184,
1.538510,
1.587108,
1.703848,
1.712057,
1.633464,
1.580393,
1.533936,
1.628411,
1.869463,
1.668135,
1.656942,
1.667658,
1.590885,
1.414822,
1.428947,
1.546386,
1.614246,
1.631615,
1.573300,
1.454920,
1.452518,
1.412926,
1.463011,
1.486328,
1.442250,
1.512446,
1.343084,
1.358650,
1.399271,
1.612824,
1.411276,
1.529904,
1.537903,
1.561334,
1.322694,
1.542792,
1.345540,
1.326855,
1.434018,
1.315743,
1.253142,
1.363674,
1.355870,
1.232731,
1.290032,
1.294078,
1.288017,
1.322294,
1.319695,
1.265820,
1.231964,
1.258210,
1.246710,
1.231930,
1.269740,
1.272776,
1.318166,
1.227877,
1.266237,
1.401179,
1.183516,
1.213245,
1.302409,
1.206154,
1.204647,
1.347262,
1.206744,
1.196436,
1.209668,
1.245301,
1.177149,
1.200359,
1.246824,
1.229042,
1.165196,
1.177434,
1.179645,
1.194585,
1.281037,
1.311893,
1.204160,
1.211274,
1.178850,
1.172307,
1.187552,
1.141507,
1.157987,
1.144830,
1.182800,
1.183041,
1.164291,
1.198633,
1.169948,
1.152110,
1.168738,
1.185683,
1.180135,
1.167816,
1.257520,
1.176147,
1.180590,
1.140756,
1.180508,
1.141803,
1.153904,
1.173435,
1.164824,
1.144814,
1.114254,
1.150076,
1.125606,
1.145456,
1.144583,
1.176572,
1.156474,
1.134036,
1.137644,
1.132259,
1.151061,
1.115857,
1.137508,
1.126627,
1.123960,
1.132273,
1.108251,
1.125612,
1.130317,
1.143477,
1.105826,
1.111170,
1.146154,
1.113419,
1.123616,
1.091144,
1.140485,
1.120135,
1.111461,
1.118399,
1.109775,
1.111981,
1.133801,
1.080725,
1.150684,
1.109119,
1.137754,
1.108369,
1.119778,
1.121083,
1.106606,
1.132132,
1.137652,
1.098104,
1.091936,
1.099184,
1.103095,
1.103637,
1.107767,
1.094554,
1.098947,
1.093826,
1.101985,
1.102555,
1.113223,
1.105428,
1.103575,
1.101028,
1.130604,
1.101546,
1.094341,
1.097037,
1.124209,
1.113606,
1.100331,
1.085444,
1.112907,
1.096020,
1.103832,
1.092310,
1.105860,
1.088899,
1.102577,
1.086175,
1.064171,
1.094125,
1.093783,
1.092059,
1.067422,
1.087070,
1.083414,
1.084161,
1.083112,
1.063683,
1.090535,
1.081439,
1.105134,
1.092954,
1.104784,
1.082363,
1.093843,
1.095789,
1.069944,
1.095551,
1.085352,
1.089081,
1.085184,
1.076753,
1.091304,
1.085394,
1.074668,
1.079894,
1.073891,
1.089747,
1.098622,
1.071065,
1.100906,
1.091490,
1.077844,
1.082232,
1.076843,
1.088417,
1.069237,
1.079819,
1.085254,
1.062167,
1.073757,
1.075670,
1.070757,
1.081153,
1.095956,
1.076695,
1.064657,
1.070716,
1.077172,
1.060056,
1.059382,
1.056050,
1.071623,
1.068152,
1.079187,
1.059409,
1.087511,
1.070856,
1.072943,
1.071152,
1.077763,
1.072907,
1.068731,
1.065039,
1.064357,
1.067235,
1.071412,
1.060837,
1.072371,
1.070781,
1.067949,
1.090630,
1.055939,
1.059846,
1.066184,
1.064574,
1.055069,
1.080250,
1.065948,
1.069618,
1.089231,
1.053286,
1.062718,
1.053317,
1.064811,
1.059769,
1.050855,
1.073291,
1.052141,
1.054136,
1.057059,
1.058494,
1.064764,
1.067073,
1.079052,
1.069617,
1.079918,
1.059035,
1.065383,
1.065008,
1.061566,
1.050077,
1.073165,
1.062204,
1.055724,
1.067426,
1.057927,
1.058086,
1.064809,
1.055740,
1.074345,
1.055645,
1.072294,
1.065295,
1.053167,
1.055956,
1.053957,
1.052360,
1.055579,
1.052871,
1.058801,
1.065833,
1.048609,
1.057263,
1.045804,
1.056635,
1.055983,
1.071145,
1.045981,
1.060449,
1.055712,
1.056957,
1.050323,
1.054301,
1.055083,
1.059414,
1.051209,
1.050118,
1.060165,
1.050822,
1.057465,
1.052915,
1.051524,
1.052194,
1.052536,
1.058561,
1.056627,
1.068496,
1.061274,
1.045228,
1.051066,
1.049624,
1.053654,
1.053474,
1.045451,
1.056189,
1.046524,
1.062036,
1.051484,
1.057869,
1.062117,
1.054004,
1.045833,
1.064899,
1.054663,
1.059887,
1.054338,
1.048228,
1.050182,
1.057047,
1.056383,
1.048723,
1.051549,
1.056657,
1.050052,
1.062230,
1.046777,
1.046581,
1.052440,
1.044500,
1.041631,
1.048353,
1.043160,
1.042573,
1.045110,
1.054200,
1.052870,
1.055831,
1.047912,
1.053008,
1.039014,
1.047604,
1.048199,
1.042294,
1.046109,
1.042590,
1.034970,
1.050141,
1.053715,
1.046662,
1.044028,
1.039745,
1.048831,
1.042516,
1.048608,
1.034323,
1.041056,
1.043295,
1.049934,
1.039595,
1.043783,
1.040548,
1.045878,
1.041070,
1.032881,
1.042496,
1.050902,
1.033537,
1.039745,
1.034378,
1.049977,
1.048983,
1.042544,
1.044330,
1.047474,
1.044628,
1.044515,
1.043839,
1.050800,
1.039936,
1.043142,
1.032167,
1.039153,
1.049189,
1.039267,
1.033571,
1.048006,
1.034395,
1.036828,
1.038232,
1.047428,
1.032791,
1.042710,
1.033498,
1.038236,
1.046221,
1.046247,
1.046570,
1.036281,
1.036457,
1.028753,
1.043969,
1.048564,
1.038421,
1.050380,
1.037026,
1.042571,
1.049373,
1.036847,
1.041032,
1.045242,
1.035083,
1.042554,
1.037744,
1.038482,
1.035014,
1.039127,
1.035843,
1.041215,
1.040562,
1.028903,
1.039273,
1.044345,
1.044843,
1.042677,
1.043959,
1.044003,
1.036155,
1.039122,
1.038514,
1.041813,
1.039739,
1.053708,
1.026244,
1.028200,
1.037008,
1.037177,
1.034783,
1.039777,
1.041954,
1.037815,
1.037004,
1.036948,
1.038177,
1.041903,
1.032116,
1.033232,
1.047061,
1.025506,
1.041822,
1.034486,
1.033080,
1.038262,
1.040013,
1.038398,
1.030696,
1.038330,
1.034175,
1.033453,
1.027429,
1.034857,
1.020110,
1.027479,
1.034898,
1.024317,
1.042500,
1.046676,
1.029536,
1.027549,
1.044429,
1.033019,
1.029494,
1.043152,
1.034479,
1.032168,
1.034246,
1.039575,
1.038689,
1.045434,
1.037750,
1.030711,
1.035663,
1.049322,
1.032775,
1.039840,
1.022776,
1.029397,
1.031647,
1.038998,
1.033411,
1.030845,
1.032207,
1.034257,
1.036745,
1.040604,
1.027046,
1.034248,
1.039090,
1.034287,
1.036322,
1.034337,
1.034589,
1.030907,
1.022139,
1.032946,
1.035867,
1.035064,
1.036416,
1.026184,
1.036946,
1.029375,
1.028068,
1.032993,
1.035722,
1.032124,
1.034281,
1.030261,
1.030823,
1.026940,
1.032903,
1.028339,
1.030208,
1.032844,
1.030725,
1.029506,
1.029487,
1.025605,
1.028231,
1.036391,
1.027520,
1.035126,
1.032244,
1.028841,
1.026030,
1.024166,
1.039159,
1.028787,
1.035575,
1.025396,
1.039594,
1.024139,
1.029411,
1.028070,
1.032956,
1.035732,
1.026695,
1.026126,
1.033735,
1.028176,
1.030288,
1.026834,
1.035648,
1.036350,
1.034310,
1.030230,
1.032056,
1.028888,
1.024757,
1.032125,
1.035548,
1.033538,
1.038664,
1.027464,
1.025477,
1.028801,
1.029452,
1.032990,
1.031562,
1.028097,
1.025545,
1.020795,
1.034333,
1.028351,
1.029130,
1.038237,
1.034970,
1.036948,
1.037688,
1.030824,
1.024132,
1.027466,
1.029611,
1.032418,
1.022124,
1.035154,
1.037049,
1.030725,
1.039724,
1.028887,
1.024884,
1.027478,
1.036305,
1.028055,
1.030950,
1.028816,
1.032946,
1.032191,
1.032946,
1.021406,
1.023440,
1.028691,
1.034866,
1.033510,
1.033343,
1.038912,
1.022775,
1.028207,
1.024746,
1.031559,
1.021364,
1.021461,
1.028814,
1.028025,
1.023427,
1.019467,
1.026129,
1.033685,
1.029692,
1.022941,
1.027141,
1.024188,
1.025525,
1.025452,
1.025476,
1.020172,
1.026941,
1.032293,
1.026100,
1.018137,
1.028762,
1.029422,
1.022153,
1.028150,
1.021447,
1.030275,
1.033019,
1.031501,
1.029627,
1.027485,
1.028855,
1.026197,
1.026140,
1.022153,
1.033651,
1.026136,
1.032360,
1.026129,
1.032500,
1.028933,
1.027626,
1.032958,
1.028690,
1.030866,
1.017542,
1.026752,
1.027535,
1.026205,
1.022844,
1.024755,
1.025394,
1.027318,
1.026143,
1.026823,
1.016862,
1.024814,
1.031571,
1.021475,
1.024077,
1.022249,
1.024191,
1.020835,
1.022748,
1.032442,
1.024087,
1.026099,
1.028197,
1.017575,
1.020117,
1.026767,
1.020116,
1.020076,
1.022085,
1.026086,
1.024091,
1.022803,
1.026921,
1.024757,
1.026276,
1.020797,
1.024825,
1.026087,
1.029522,
1.020158,
1.020049,
1.023481,
1.022111,
1.022229,
1.025510,
1.020156,
1.024967,
1.028152,
1.023414,
1.020768,
1.022097,
1.026024,
1.020796,
1.024244,
1.031734,
1.026155,
1.025407,
1.020782,
1.024786,
1.021501,
1.018130,
1.021774,
1.024259,
1.026169,
1.027620,
1.027482,
1.020159,
1.034947,
1.024743,
1.021474,
1.025518,
1.034910,
1.030117,
1.018236,
1.021405,
1.027486,
1.018935,
1.027401,
1.023439,
1.033286,
1.026227,
1.033686,
1.018164,
1.026031,
1.034882,
1.020907,
1.024688,
1.017466,
1.024925,
1.028066,
1.023538,
1.018836,
1.024305,
1.014176,
1.019508,
1.022866,
1.028929,
1.019481,
1.023497,
1.022264,
1.018082,
1.026935,
1.022866,
1.024799,
1.016875,
1.020158,
1.027402,
1.028788,
1.018150,
1.021474,
1.018857,
1.017465,
1.019467,
1.022180,
1.025021,
1.017501,
1.019419,
1.020130,
1.013566,
1.024742,
1.021529,
1.016890,
1.016862,
1.020145,
1.016252,
1.016834,
1.022830,
1.018814,
1.022063,
1.016184,
1.024715,
1.024190,
1.018972,
1.024921,
1.028849,
1.020795,
1.021528,
1.022803,
1.024770,
1.020173,
1.016835,
1.021484,
1.022169,
1.023413,
1.023480,
1.022748,
1.018241,
1.022933,
1.024701,
1.019412,
1.016322,
1.022804,
1.025395,
1.022193,
1.018137,
1.009035,
1.022446,
1.016793,
1.020768,
1.022779,
1.022195,
1.014909,
1.022336,
1.022793,
1.018774,
1.022072,
1.017527,
1.016116,
1.020727,
1.031010,
1.022830,
1.023433,
1.024218,
1.020755,
1.018178,
1.018816,
1.016890,
1.020298,
1.015478,
1.024742,
1.031589,
1.018151,
1.024146,
1.024098,
1.017499,
1.018815,
1.024105,
1.019528,
1.024244,
1.018228,
1.016794,
1.019520,
1.016781,
1.024051,
1.012902,
1.023485,
1.014189,
1.016116,
1.016170,
1.016232,
1.018843,
1.016156,
1.019426,
1.016780,
1.019488,
1.021446,
1.028176,
1.016212,
1.024162,
1.021469,
1.019411,
1.019637,
1.026340,
1.021610,
1.014230,
1.026254,
1.023413,
1.009726,
1.025566,
1.018109,
1.019535,
1.016143,
1.021517,
1.019459,
1.030186,
1.013737,
1.016917,
1.027581,
1.014203,
1.020063,
1.015519,
1.026058,
1.018787,
1.015587,
1.026667,
1.019487,
1.017432,
1.022221,
1.015505,
1.018273,
1.016149,
1.020090,
1.014356,
1.024120,
1.022084,
1.027501,
1.016170,
1.019593,
1.020202,
1.025700,
1.023456,
1.019377,
1.016890,
1.016780,
1.017526,
1.022900,
1.017500,
1.016184,
1.018843,
1.016794,
1.022479,
1.022167,
1.019506,
1.018055,
1.027040,
1.019486,
1.017459,
1.017404,
1.015498,
1.018980,
1.021529,
1.018075,
1.014909,
1.024036,
1.028220,
1.013512,
1.013592,
1.025394,
1.024095,
1.024715,
1.017596,
1.015491,
1.018124,
1.018150,
1.025394,
1.016237,
1.015526,
1.019534,
1.020284,
1.016906,
1.015491,
1.020767,
1.019411,
1.015519,
1.021393,
1.018076,
1.026822,
1.013538,
1.014203,
1.015546,
1.024688,
1.012901,
1.018151,
1.016251,
1.011700,
1.016203,
1.019607,
1.018883,
1.016834,
1.021406,
1.025366,
1.020865,
1.021502,
1.023401,
1.028158,
1.018363,
1.015642,
1.016908,
1.010310,
1.016834,
1.020809,
1.014915,
1.014922,
1.019537,
1.025447,
1.024970,
1.019520,
1.019562,
1.017575,
1.021509,
1.022070,
1.017576,
1.023380,
1.021556,
1.020117,
1.024729,
1.019511,
1.013519,
1.024910,
1.024129,
1.024384,
1.025421,
1.014896,
1.016197,
1.020215,
1.021158,
1.015561,
1.018269,
1.015547,
1.018151,
1.020413,
1.013538,
1.015519,
1.020370,
1.018135,
1.021613,
1.014800,
1.019568,
1.023331,
1.012862,
1.017445,
1.018815,
1.022125,
1.011618,
1.018163,
1.022892,
1.016848,
1.012345,
1.020809,
1.020229,
1.014964,
1.018815,
1.016211,
1.014949,
1.016937,
1.012887,
1.024112,
1.012874,
1.016183,
1.014827,
1.018150,
1.014203,
1.016876,
1.014875,
1.014189,
1.019438,
1.019484,
1.013525,
1.018883,
1.016197,
1.020878,
1.014230,
1.015505,
1.012277,
1.016883,
1.017533,
1.014976,
1.020864,
1.020989,
1.016210,
1.018954,
1.017512,
1.021447,
1.013000,
1.014259,
1.017635,
1.016157,
1.016933,
1.018761,
1.020131,
1.009062,
1.015601,
1.017499,
1.014888,
1.021488,
1.017639,
1.021447,
1.020901,
1.020209,
1.018830,
1.017554,
1.018206,
1.022804,
1.018248,
1.015534,
1.009672,
1.016253,
1.020700,
1.017526,
1.015506,
1.022042,
1.017472,
1.019439,
1.016890,
1.020838,
1.016171,
1.016226,
1.017541,
1.010934,
1.011559,
1.012237,
1.014840,
1.014827,
1.021474,
1.017526,
1.016822,
1.012914,
1.010934,
1.022748,
1.012929,
1.015546,
1.014788,
1.020876,
1.011749,
1.013566,
1.017597,
1.023400,
1.016130,
1.018157,
1.015519,
1.014217,
1.016889,
1.012251,
1.012283,
1.017472,
1.013512,
1.011572,
1.006391,
1.018801,
1.010934,
1.011613,
1.020927,
1.012901,
1.026942,
1.020049,
1.017542,
1.018815,
1.009646,
1.012319,
1.021500,
1.018137,
1.014217,
1.011559,
1.018123,
1.011645,
1.013634,
1.012861,
1.016848,
1.019517,
1.016883,
1.016293,
1.020215,
1.013472,
1.016821,
1.014814,
1.016740,
1.016823,
1.018774,
1.007732,
1.017582,
1.011586,
1.012277,
1.014897,
1.019452,
1.016849,
1.011660,
1.013595,
1.014903,
1.005779,
1.010961,
1.019524,
1.016934,
1.017486,
1.020741,
1.016877,
1.013660,
1.011558,
1.014936,
1.014956,
1.007088,
1.016231,
1.014244,
1.016767,
1.012942,
1.009687,
1.016767,
1.014841,
1.010257,
1.013668,
1.010323,
1.016795,
1.018259,
1.014203,
1.010934,
1.010283,
1.018165,
1.016142,
1.014176,
1.016754,
1.014895,
1.012914,
1.017547,
1.016905,
1.012848,
1.011559,
1.015575,
1.010961,
1.014867,
1.014176,
1.013566,
1.010947,
1.018747,
1.009632,
1.013559,
1.016781,
1.014243,
1.009659,
1.011585,
1.014888,
1.019398,
1.013526,
1.016793,
1.014190,
1.009008,
1.012901,
1.012304,
1.022886,
1.019506,
1.013593,
1.015519,
1.011585,
1.011618,
1.017472,
1.012901,
1.009619,
1.011612,
1.012915,
1.018042,
1.010894,
1.012901,
1.013586,
1.008968,
1.017555,
1.014814,
1.016469,
1.016169,
1.012902,
1.014204,
1.010283,
1.011599,
1.011585,
1.013485,
1.012250,
1.009659,
1.017471,
1.013498,
1.012968,
1.015120,
1.017513,
1.007719,
1.015478,
1.010894,
1.009022,
1.012251,
1.019534,
1.014298,
1.015559,
1.017519,
1.007706,
1.020199,
1.014311,
1.012874,
1.015533,
1.007055,
1.014908,
1.016149,
1.013539,
1.014869,
1.012821,
1.010961,
1.012848,
1.017525,
1.014202,
1.015615,
1.013634,
1.020767,
1.006451,
1.014177,
1.013505,
1.014867,
1.015521,
1.014230,
1.008330,
1.012264,
1.013566,
1.012902,
1.014801,
1.014937,
1.011585,
1.017472,
1.011599,
1.015559,
1.012264,
1.019432,
1.015547,
1.012236,
1.015533,
1.014867,
1.017521,
1.013498,
1.015031,
1.013579,
1.008982,
1.014229,
1.011585,
1.016820,
1.010948,
1.013498,
1.014937,
1.016157,
1.018830,
1.017485,
1.013553,
1.012263,
1.014922,
1.012223,
1.015532,
1.018082,
1.013565,
1.014338,
1.012861,
1.012928,
1.013539,
1.015505,
1.011655,
1.009014,
1.012968,
1.019524,
1.010921,
1.009672,
1.016129,
1.011600,
1.016170,
1.012895,
1.011612,
1.009653,
1.014854,
1.019480,
1.010310,
1.014245,
1.010297,
1.014801,
1.012968,
1.012306,
1.010283,
1.008981,
1.010337,
1.011585,
1.014827,
1.014875,
1.010991,
1.015532,
1.013595,
1.014176,
1.008995,
1.007693,
1.014163,
1.013552,
1.012874,
1.010947,
1.012901,
1.009021,
1.014854,
1.017560,
1.012929,
1.006391,
1.015586,
1.008955,
1.014313,
1.012928,
1.010324,
1.012874,
1.014896,
1.013621,
1.014149,
1.007042,
1.007693,
1.007055,
1.012984,
1.015527,
1.011625,
1.011572,
1.012237,
1.017405,
1.014230,
1.009008,
1.018165,
1.012264,
1.012319,
1.006404,
1.017598,
1.006404,
1.010947,
1.017487,
1.011626,
1.008330,
1.010934,
1.009619,
1.012250,
1.011612,
1.014272,
1.016163,
1.017418,
1.009606,
1.016862,
1.013553,
1.010310,
1.017643,
1.013635,
1.015465,
1.018903,
1.009008,
1.010949,
1.012236,
1.012250,
1.013633,
1.011612,
1.014230,
1.012317,
1.014149,
1.010283,
1.015512,
1.015452,
1.006397,
1.011666,
1.013552,
1.012914,
1.012887,
1.012223,
1.015559,
1.009699,
1.014244,
1.014217,
1.009646,
1.012236,
1.008968,
1.010283,
1.012874,
1.010310,
1.019486,
1.010921,
1.014177,
1.009652,
1.011625,
1.010330,
1.011625,
1.014820,
1.012236,
1.014774,
1.009619,
1.012941,
1.007055,
1.009632,
1.013525,
1.013552,
1.011626,
1.016890,
1.006431,
1.013539,
1.008330,
1.016781,
1.018123,
1.010297,
1.011572,
1.016183,
1.014272,
1.012942,
1.012210,
1.008994,
1.012928,
1.014991,
1.013538,
1.009659,
1.013525,
1.010406,
1.009700,
1.010948,
1.012223,
1.012954,
1.012290,
1.014894,
1.015534,
1.010277,
1.008982,
1.010283,
1.014827,
1.007706,
1.012875,
1.012237,
1.011612,
1.010921,
1.014216,
1.013525,
1.010961,
1.011599,
1.010337,
1.009008,
1.013593,
1.007706,
1.009035,
1.009672,
1.013607,
1.008982,
1.014827,
1.011572,
1.016224,
1.014908,
1.012304,
1.012210,
1.010257,
1.006417,
1.013593,
1.007055,
1.008968,
1.008364,
1.008404,
1.012998,
1.009035,
1.010297,
1.014284,
1.011545,
1.012251,
1.008995,
1.010948,
1.014244,
1.011017,
1.012263,
1.016150,
1.012236,
1.008384,
1.010310,
1.007679,
1.010270,
1.008330,
1.008330,
1.008317,
1.015560,
1.014841,
1.019445,
1.010283,
1.015597,
1.008337,
1.007693,
1.008995,
1.009727,
1.007706,
1.014841,
1.018774,
1.010921,
1.012888,
1.012928,
1.011619,
1.012914,
1.010947,
1.014230,
1.016224,
1.012250,
1.011612,
1.010297,
1.007747,
1.010304,
1.006431,
1.009035,
1.012290,
1.011586,
1.018999,
1.008968,
1.010310,
1.009646,
1.007042,
1.012848,
1.010270,
1.013593,
1.010908,
1.007055,
1.008981,
1.009606,
1.012223,
1.012956,
1.010310,
1.011004,
1.011585,
1.015560,
1.010297,
1.012250,
1.012847,
1.010283,
1.011585,
1.007693,
1.011626,
1.012237,
1.010934,
1.015547,
1.012237,
1.012223,
1.012237,
1.015560,
1.016224,
1.008982,
1.007095,
1.013552,
1.012290,
1.014881,
1.009606,
1.020076,
1.012914,
1.008411,
1.009639,
1.011572,
1.013607,
1.007028,
1.008330,
1.010297,
1.012915,
1.016917,
1.010351,
1.014894,
1.011572,
1.016849,
1.017485,
1.011613,
1.009645,
1.012834,
1.010244,
1.013538,
1.010974,
1.014163,
1.009686,
1.005115,
1.010336,
1.012243,
1.007081,
1.010366,
1.014149,
1.005766,
1.008357,
1.016212,
1.006444,
1.008317,
1.013485,
1.011002,
1.008330,
1.012834,
1.010934,
1.015532,
1.012277,
1.008968,
1.006444,
1.010914,
1.009652,
1.005779,
1.009619,
1.008370,
1.011001,
1.008398,
1.008968,
1.009659,
1.009659,
1.010297,
1.011653,
1.009659,
1.013552,
1.007773,
1.007693,
1.012861,
1.010324,
1.008357,
1.013565,
1.016156,
1.010283,
1.008995,
1.006431,
1.008968,
1.008370,
1.007706,
1.009606,
1.012943,
1.013552,
1.010283,
1.008995,
1.010270,
1.009035,
1.008995,
1.005141,
1.007759,
1.013565,
1.012915,
1.011751,
1.010257,
1.010270,
1.005753,
1.012901,
1.009034,
1.009659,
1.007068,
1.002564,
1.009686,
1.007706,
1.008968,
1.012237,
1.014203,
1.013498,
1.006417,
1.010935,
1.011612,
1.010393,
1.016212,
1.012276,
1.013512,
1.006505,
1.013578,
1.009632,
1.006430,
1.012237,
1.008995,
1.005115,
1.010364,
1.010988,
1.009632,
1.016265,
1.010947,
1.008330,
1.010337,
1.009021,
1.010310,
1.009021,
1.010297,
1.008330,
1.007693,
1.009619,
1.012927,
1.010934,
1.009008,
1.011015,
1.008343,
1.010908,
1.012941,
1.006391,
1.007693,
1.010323,
1.010934,
1.015479,
1.011668,
1.014967,
1.008317,
1.008994,
1.009008,
1.015519,
1.012915,
1.011572,
1.008343,
1.007028,
1.010310,
1.013559,
1.006391,
1.012874,
1.005766,
1.007693,
1.011666,
1.009639,
1.009639,
1.007095,
1.007693,
1.010323,
1.010989,
1.015532,
1.018150,
1.014828,
1.007706,
1.010323,
1.011626,
1.004491,
1.008317,
1.011585,
1.008330,
1.009713,
1.012901,
1.004517,
1.009652,
1.011695,
1.008995,
1.009062,
1.007693,
1.012277,
1.014182,
1.009021,
1.007760,
1.008968,
1.013579,
1.006378,
1.013627,
1.007042,
1.010881,
1.007068,
1.011572,
1.010947,
1.010270,
1.007679,
1.009686,
1.007706,
1.010257,
1.010881,
1.017459,
1.012875,
1.009008,
1.008324,
1.005753,
1.009008,
1.010283,
1.010948,
1.014230,
1.007719,
1.012901,
1.010351,
1.008995,
1.015518,
1.009686,
1.014163,
1.010351,
1.007679,
1.008397,
1.008968,
1.010961,
1.010948,
1.006410,
1.010935,
1.008968,
1.008330,
1.010323,
1.010283,
1.012861,
1.009639,
1.009021,
1.007719,
1.008343,
1.007706,
1.005740,
1.010297,
1.013552,
1.008343,
1.012426,
1.008385,
1.007679,
1.011599,
1.007747,
1.012292,
1.010987,
1.005128,
1.007055,
1.012935,
1.008343,
1.007719,
1.008370,
1.008357,
1.009632,
1.010297,
1.014270,
1.008357,
1.005753,
1.007759,
1.010921,
1.008995,
1.010962,
1.006397,
1.007719,
1.008424,
1.007732,
1.008994,
1.009659,
1.008343,
1.008982,
1.010270,
1.011572,
1.007081,
1.016143,
1.011586,
1.006444,
1.005128,
1.005766,
1.010297,
1.008994,
1.007760,
1.007028,
1.008968,
1.009672,
1.007055,
1.008424,
1.007679,
1.007733,
1.009049,
1.010988,
1.007055,
1.010264,
1.009014,
1.009672,
1.013512,
1.009646,
1.012848,
1.006404,
1.009606,
1.012299,
1.008370,
1.008370,
1.007095,
1.005766,
1.009049,
1.011666,
1.012955,
1.009646,
1.009639,
1.012223,
1.011599,
1.006417,
1.007666,
1.008344,
1.010310,
1.014389,
1.009619,
1.007042,
1.007787,
1.008370,
1.008370,
1.006391,
1.005766,
1.010961,
1.005779,
1.010257,
1.010283,
1.011639,
1.004491,
1.005115,
1.011592,
1.002551,
1.006404,
1.013579,
1.012236,
1.007693,
1.007706,
1.005753,
1.013064,
1.007028,
1.007081,
1.005793,
1.010962,
1.007028,
1.007055,
1.012196,
