1.990000,
1.990000,
1.990000,
1.990000,
1.990000,
1.523077,
1.428526,
1.492882,
1.340244,
1.407143,
1.540323,
1.311316,
1.311776,
1.245726,
1.328919,
1.231250,
1.192944,
1.138971,
1.157934,
1.185671,
1.237693,
1.245332,
1.172619,
1.100000,
1.112922,
1.031750,
1.070552,
1.178738,
1.082000,
1.036678,
1.043146,
1.082000,
1.070652,
1.047883,
1.093956,
1.031250,
1.042221,
1.064867,
1.076214,
1.076214,
1.070302,
1.020727,
1.036678,
1.053311,
1.036678,
1.047648,
1.047883,
1.042105,
1.042329,
1.042221,
1.070302,
1.036905,
1.047648,
1.053668,
1.020727,
1.026155,
1.020727,
1.015625,
1.026155,
1.020619,
1.005102,
1.010257,
1.015411,
1.010204,
1.031250,
1.031362,
1.020619,
1.005102,
1.015411,
1.015625,
1.020619,
1.025934,
1.031250,
1.015411,
1.020619,
1.015411,
1.036678,
1.026596,
1.015411,
1.015411,
1.020619,
1.031469,
1.020727,
1.020727,
1.021053,
1.036678,
1.025934,
1.042221,
1.005102,
1.010204,
1.005102,
1.010204,
1.026155,
1.015411,
1.015411,
1.010204,
1.005102,
1.020727,
1.010204,
1.010309,
1.005102,
1.010204,
1.020619,
1.010309,
1.005102,
1.025934,
1.005102,
1.010204,
1.031250,
1.020727,
1.020727,
1.010204,
1.015411,
1.005102,
1.010309,
1.005102,
1.005102,
1.020727,
1.010204,
1.015411,
1.000000,
1.010309,
1.020727,
1.005102,
1.005102,
1.000000,
1.000000,
1.005102,
1.005102,
1.015411,
1.010204,
1.020619,
1.005102,
1.010204,
1.015625,
1.015411,
1.010309,
1.010204,
1.015411,
1.010309,
1.010204,
1.005102,
1.015411,
1.005102,
1.010204,
1.010204,
1.000000,
1.005102,
1.010309,
1.010204,
1.015411,
1.010204,
1.005102,
1.000000,
1.010204,
1.000000,
1.005102,
1.010204,
1.000000,
1.010309,
1.005102,
1.015411,
1.015411,
1.000000,
1.005102,
1.005102,
1.010204,
1.015625,
1.005102,
1.015625,
1.015411,
1.000000,
1.000000,
1.010204,
1.005102,
1.005102,
1.005102,
1.005102,
1.010309,
1.020727,
1.005102,
1.000000,
1.000000,
1.005102,
1.000000,
1.010309,
1.015411,
1.000000,
1.010204,
1.005102,
1.000000,
1.010309,
1.000000,
1.000000,
1.005102,
1.000000,
1.010204,
1.005102,
1.000000,
1.005102,
1.015411,
1.000000,
1.005102,
1.005102,
1.020727,
1.000000,
1.000000,
1.000000,
1.005102,
1.000000,
1.010204,
1.000000,
1.000000,
1.005102,
1.010417,
1.010204,
1.005102,
1.000000,
1.000000,
1.010204,
1.005102,
1.000000,
1.005102,
1.000000,
1.015411,
1.005102,
1.010204,
1.000000,
1.010204,
1.010309,
1.000000,
1.010309,
1.010309,
1.000000,
1.005102,
1.005102,
1.015411,
1.031250,
1.000000,
1.000000,
1.010309,
1.000000,
1.005102,
1.010204,
1.000000,
1.000000,
1.000000,
1.010204,
1.000000,
1.000000,
1.010204,
1.005102,
1.005102,
1.000000,
1.010309,
1.010204,
1.000000,
1.000000,
1.005102,
1.000000,
1.000000,
1.010204,
1.000000,
1.000000,
1.010204,
1.000000,
1.005102,
1.005102,
1.005102,
1.005102,
1.010309,
1.005102,
1.010309,
1.000000,
1.000000,
1.005102,
1.010309,
1.000000,
1.000000,
1.000000,
1.000000,
1.000000,
1.010204,
1.005102,
1.000000,
1.000000,
1.000000,
1.005102,
1.000000,
1.000000,
1.000000,
1.000000,
1.000000,
1.000000,
1.000000,
1.005102,
1.005102,
1.000000,
1.015411,
1.005102,
1.000000,
1.000000,
1.015411,
1.010204,
1.005102,
1.010309,
1.005102,
1.010204,
1.005102,
1.005102,
1.000000,
1.005102,
1.000000,
1.005102,
1.000000,
1.000000,
1.005102,
1.005102,
1.000000,
1.005102,
1.000000,
1.000000,
1.000000,
1.000000,
1.005102,
1.000000,
1.005102,
1.010204,
1.000000,
1.005102,
1.000000,
1.005102,
1.005102,
1.000000,
1.000000,
1.000000,
1.000000,
1.000000,
1.005102,
1.005102,
1.000000,
1.000000,
1.000000,
1.000000,
1.005102,
1.005102,
1.005102,
1.005102,
1.005102,
1.000000,
1.015625,
1.005102,
1.005102,
1.000000,
1.000000,
1.000000,
1.000000,
1.005102,
1.000000,
1.000000,
1.005102,
1.000000,
1.010204,
1.005102,
1.000000,
1.010309,
1.010204,
1.010309,
1.015411,
1.015411,
1.000000,
1.005102,
1.000000,
1.000000,
1.005102,
1.000000,
1.000000,
1.000000,
1.015411,
1.000000,
1.005102,
1.000000,
1.000000,
1.000000,
1.005102,
1.000000,
1.000000,
1.005102,
1.010309,
1.000000,
1.000000,
1.000000,
1.005102,
1.000000,
1.000000,
1.010309,
1.005102,
1.000000,
1.010204,
1.000000,
1.000000,
1.010204,
1.005102,
1.000000,
1.005102,
1.005102,
1.000000,
1.005102,
1.000000,
1.000000,
1.000000,
1.005102,
1.000000,
1.005102,
1.005102,
1.005102,
1.005102,
1.010309,
1.000000,
1.000000,
1.000000,
1.000000,
1.005102,
1.005102,
1.000000,
1.005102,
1.000000,
1.005102,
1.000000,
1.000000,
1.000000,
1.000000,
1.005102,
1.000000,
1.000000,
1.000000,
1.000000,
1.000000,
1.010309,
1.000000,
1.005102,
1.000000,
1.005102,
1.005102,
1.000000,
1.005102,
1.000000,
1.005102,
1.000000,
1.005102,
1.000000,
1.005102,
1.000000,
1.010309,
1.000000,
1.010204,
1.000000,
1.010309,
1.005102,
1.005102,
1.005102,
1.000000,
1.000000,
1.000000,
1.005102,
1.005102,
1.000000,
1.000000,
1.000000,
1.000000,
1.005102,
1.000000,
1.000000,
1.000000,
1.010309,
1.000000,
1.000000,
1.005102,
1.000000,
1.000000,
1.010204,
1.005102,
1.005102,
1.010204,
1.000000,
1.000000,
1.005102,
1.000000,
1.000000,
1.000000,
1.005102,
1.005102,
1.010309,
1.000000,
1.000000,
1.000000,
1.005102,
1.000000,
1.010309,
1.000000,
1.000000,
1.005102,
1.005102,
1.000000,
1.000000,
1.010309,
1.000000,
1.005102,
1.005102,
1.000000,
1.010204,
1.000000,
1.010204,
1.000000,
1.005102,
1.000000,
1.005102,
1.000000,
1.005102,
1.000000,
1.020727,
1.010309,
1.010204,
1.000000,
1.000000,
1.000000,
1.000000,
1.000000,
1.005102,
1.000000,
1.005102,
1.000000,
1.000000,
1.000000,
1.005102,
1.000000,
1.000000,
1.000000,
1.010204,
1.005102,
1.005102,
1.000000,
1.005102,
1.000000,
1.005102,
1.000000,
1.000000,
1.000000,
1.000000,
1.005102,
1.000000,
1.005102,
1.000000,
1.000000,
1.000000,
1.005102,
1.000000,
1.005102,
1.000000,
1.010309,
1.000000,
1.005102,
1.000000,
1.005102,
1.000000,
1.005102,
1.000000,
1.010309,
1.005102,
1.005102,
1.000000,
1.010309,
1.000000,
1.000000,
1.000000,
1.010309,
1.005102,
1.000000,
1.005102,
1.000000,
1.000000,
1.000000,
1.000000,
1.000000,
1.005102,
1.000000,
1.000000,
1.000000,
1.000000,
1.000000,
1.005102,
1.000000,
1.000000,
1.000000,
1.000000,
1.010204,
1.005102,
1.010204,
1.000000,
1.000000,
1.000000,
1.000000,
1.000000,
1.000000,
1.005102,
1.000000,
1.000000,
1.000000,
1.000000,
1.000000,
1.005102,
1.000000,
1.000000,
1.000000,
1.000000,
1.005102,
1.005102,
1.000000,
1.000000,
1.005102,
1.005102,
1.000000,
1.000000,
1.005102,
1.005102,
1.010309,
1.000000,
1.000000,
1.005102,
1.000000,
1.000000,
1.005102,
1.000000,
1.000000,
1.000000,
1.000000,
1.005102,
1.005102,
1.005102,
1.005102,
1.000000,
1.000000,
1.010204,
1.000000,
1.000000,
1.000000,
1.005102,
1.005102,
1.000000,
1.000000,
1.005102,
1.000000,
1.005102,
1.000000,
1.005102,
1.000000,
1.000000,
1.000000,
1.000000,
1.010204,
1.000000,
1.000000,
1.005102,
1.005102,
1.000000,
1.000000,
1.000000,
1.000000,
1.000000,
1.000000,
1.000000,
1.000000,
1.000000,
1.000000,
1.000000,
1.005102,
1.000000,
1.000000,
1.005102,
1.000000,
1.000000,
1.000000,
1.000000,
1.000000,
1.000000,
1.000000,
1.000000,
1.000000,
1.000000,
1.000000,
1.000000,
1.005102,
1.000000,
1.000000,
1.005102,
1.000000,
1.005102,
1.005102,
1.005102,
1.000000,
1.005102,
1.005102,
1.005102,
1.000000,
1.000000,
1.000000,
1.010309,
1.000000,
1.000000,
1.005102,
1.000000,
1.005102,
1.000000,
1.000000,
1.000000,
1.005102,
1.005102,
1.000000,
1.000000,
1.000000,
1.005102,
1.005102,
1.005102,
1.000000,
1.005102,
1.000000,
1.000000,
1.000000,
1.000000,
1.000000,
1.005102,
1.000000,
1.005102,
1.000000,
1.005102,
1.000000,
1.000000,
1.000000,
1.005102,
1.000000,
1.005102,
1.000000,
1.000000,
1.005102,
1.010204,
1.005102,
1.000000,
1.005102,
1.000000,
1.005102,
1.000000,
1.000000,
1.000000,
1.000000,
1.005102,
1.005102,
1.005102,
1.005102,
1.000000,
1.005102,
1.000000,
1.000000,
1.010309,
1.000000,
1.000000,
1.000000,
1.015411,
1.005102,
1.000000,
1.000000,
1.000000,
1.000000,
1.000000,
1.005102,
1.000000,
1.000000,
1.000000,
1.005102,
1.000000,
1.000000,
1.000000,
1.010204,
1.000000,
1.000000,
1.000000,
1.000000,
1.000000,
1.000000,
1.000000,
1.005102,
1.000000,
1.000000,
1.000000,
1.000000,
1.005102,
1.000000,
1.000000,
1.000000,
1.005102,
1.000000,
1.005102,
1.005102,
1.000000,
1.000000,
1.000000,
1.005102,
1.005102,
1.000000,
1.000000,
1.015411,
1.000000,
1.005102,
1.000000,
1.000000,
1.000000,
1.000000,
1.000000,
1.000000,
1.000000,
1.000000,
1.000000,
1.000000,
1.000000,
1.000000,
1.000000,
1.000000,
1.000000,
1.005102,
1.000000,
1.000000,
1.000000,
1.000000,
1.005102,
1.000000,
1.000000,
1.000000,
1.005102,
1.000000,
1.000000,
1.000000,
1.005102,
1.000000,
1.010309,
1.000000,
1.000000,
1.005102,
1.000000,
1.000000,
1.000000,
1.000000,
1.000000,
1.000000,
1.000000,
1.000000,
1.005102,
1.000000,
1.005102,
1.000000,
1.005102,
1.000000,
1.000000,
1.010204,
1.005102,
1.000000,
1.000000,
1.000000,
1.000000,
1.000000,
1.000000,
1.000000,
1.000000,
1.000000,
1.000000,
1.005102,
1.000000,
1.000000,
1.000000,
1.005102,
1.000000,
1.000000,
1.000000,
1.005102,
1.005102,
1.000000,
1.000000,
1.000000,
1.005102,
1.000000,
1.000000,
1.005102,
1.000000,
1.000000,
1.000000,
1.000000,
1.000000,
1.000000,
1.005102,
1.005102,
1.000000,
1.000000,
1.000000,
1.000000,
1.000000,
1.005102,
1.000000,
1.000000,
1.000000,
1.000000,
1.005102,
1.005102,
1.000000,
1.000000,
1.000000,
1.000000,
1.005102,
1.005102,
1.000000,
1.000000,
1.000000,
1.000000,
1.000000,
1.000000,
1.000000,
1.000000,
1.000000,
1.000000,
1.000000,
1.000000,
1.005102,
1.000000,
1.000000,
1.000000,
1.000000,
1.005102,
1.000000,
1.000000,
1.000000,
1.000000,
1.005102,
1.005102,
1.015411,
1.000000,
1.000000,
1.000000,
1.000000,
1.005102,
1.000000,
1.000000,
1.000000,
1.000000,
1.000000,
1.000000,
1.000000,
1.000000,
1.000000,
1.000000,
1.005102,
1.000000,
1.000000,
1.000000,
1.000000,
1.000000,
1.000000,
1.000000,
1.000000,
1.000000,
1.005102,
1.000000,
1.000000,
1.000000,
1.005102,
1.000000,
1.000000,
1.000000,
1.000000,
1.005102,
1.000000,
1.000000,
1.000000,
1.000000,
1.000000,
1.000000,
1.005102,
1.000000,
1.000000,
1.000000,
1.000000,
1.000000,
1.000000,
1.005102,
1.005102,
1.000000,
1.000000,
1.000000,
1.000000,
1.005102,
1.000000,
1.000000,
1.000000,
1.000000,
1.005102,
1.005102,
1.000000,
1.000000,
1.005102,
1.000000,
1.000000,
1.000000,
1.000000,
1.000000,
1.000000,
1.000000,
1.005102,
1.000000,
1.000000,
1.000000,
1.000000,
1.000000,
1.005102,
1.005102,
1.000000,
1.000000,
1.000000,
1.000000,
1.000000,
1.000000,
1.010309,
1.005102,
1.000000,
1.005102,
1.000000,
1.000000,
1.000000,
1.000000,
1.005102,
1.000000,
1.000000,
1.005102,
1.000000,
1.005102,
1.000000,
1.005102,
1.000000,
1.000000,
1.005102,
1.000000,
1.000000,
1.000000,
1.000000,
1.005102,
1.005102,
1.005102,
1.000000,
1.000000,
1.000000,
1.000000,
1.005102,
1.000000,
1.000000,
1.000000,
1.000000,
1.000000,
1.000000,
1.005102,
1.005102,
1.000000,
1.000000,
1.000000,
1.000000,
1.000000,
1.000000,
1.000000,
1.000000,
1.000000,
1.005102,
1.000000,
1.000000,
1.000000,
1.000000,
1.010204,
1.000000,
1.000000,
1.000000,
1.000000,
1.000000,
1.000000,
1.000000,
1.000000,
1.000000,
1.005102,
1.000000,
1.000000,
1.005102,
1.000000,
1.005102,
1.005102,
1.000000,
1.000000,
1.005102,
1.000000,
1.000000,
1.000000,
1.000000,
1.000000,
1.000000,
1.000000,
1.000000,
1.000000,
1.000000,
1.000000,
1.005102,
1.010309,
1.000000,
1.000000,
1.000000,
1.000000,
1.005102,
1.000000,
1.000000,
1.000000,
1.005102,
1.000000,
1.000000,
1.000000,
1.000000,
1.000000,
1.000000,
1.005102,
1.000000,
1.000000,
1.000000,
1.005102,
1.000000,
1.000000,
1.000000,
1.000000,
1.000000,
1.000000,
1.000000,
1.000000,
1.005102,
1.005102,
1.000000,
1.000000,
1.005102,
1.000000,
1.000000,
1.000000,
1.000000,
1.000000,
1.000000,
1.000000,
1.000000,
1.000000,
1.000000,
1.000000,
1.000000,
1.000000,
1.000000,
1.000000,
1.000000,
1.000000,
1.000000,
1.000000,
1.000000,
1.000000,
1.005102,
1.000000,
1.000000,
1.000000,
1.005102,
1.005102,
1.000000,
1.000000,
1.005102,
1.000000,
1.005102,
1.000000,
1.000000,
1.000000,
1.000000,
1.000000,
1.000000,
1.005102,
1.000000,
1.005102,
1.000000,
1.000000,
1.000000,
1.005102,
1.000000,
1.000000,
1.000000,
1.000000,
1.000000,
1.005102,
1.000000,
1.000000,
1.005102,
1.000000,
1.000000,
1.005102,
1.000000,
1.010309,
1.000000,
1.000000,
1.000000,
1.000000,
1.000000,
1.000000,
1.000000,
1.000000,
1.000000,
1.000000,
1.000000,
1.000000,
1.010204,
1.000000,
1.005102,
1.000000,
1.000000,
1.000000,
1.000000,
1.000000,
1.000000,
1.000000,
1.005102,
1.000000,
1.000000,
1.005102,
1.000000,
1.000000,
1.005102,
1.000000,
1.000000,
1.000000,
1.000000,
1.000000,
1.000000,
1.000000,
1.000000,
1.000000,
1.000000,
1.005102,
1.000000,
1.000000,
1.000000,
1.000000,
1.000000,
1.005102,
1.000000,
1.000000,
1.000000,
1.000000,
1.000000,
1.000000,
1.000000,
1.000000,
1.000000,
1.000000,
1.000000,
1.005102,
1.005102,
1.000000,
1.000000,
1.000000,
1.000000,
1.000000,
1.000000,
1.000000,
1.000000,
1.000000,
1.005102,
1.000000,
1.000000,
1.000000,
1.000000,
1.005102,
1.000000,
1.000000,
1.005102,
1.000000,
1.005102,
1.005102,
1.000000,
1.000000,
1.005102,
1.000000,
1.000000,
1.000000,
1.000000,
1.000000,
1.000000,
1.000000,
1.000000,
1.000000,
1.000000,
1.000000,
1.000000,
1.000000,
1.000000,
1.000000,
1.000000,
1.000000,
1.000000,
1.000000,
1.000000,
1.005102,
1.000000,
1.000000,
1.005102,
1.000000,
1.000000,
1.005102,
1.000000,
1.000000,
1.000000,
1.000000,
1.000000,
1.005102,
1.000000,
1.000000,
1.000000,
1.000000,
1.000000,
1.000000,
1.000000,
1.000000,
1.000000,
1.005102,
1.000000,
1.005102,
1.000000,
1.000000,
1.000000,
1.000000,
1.000000,
1.005102,
1.000000,
1.000000,
1.000000,
1.000000,
1.000000,
1.000000,
1.000000,
1.000000,
1.000000,
1.000000,
1.000000,
1.005102,
1.000000,
1.000000,
1.000000,
1.000000,
1.000000,
1.000000,
1.000000,
1.000000,
1.000000,
1.000000,
1.000000,
1.000000,
1.000000,
1.000000,
1.000000,
1.005102,
1.000000,
1.000000,
1.005102,
1.000000,
1.000000,
1.000000,
1.000000,
1.000000,
1.000000,
1.005102,
1.000000,
1.000000,
1.000000,
1.000000,
1.005102,
1.000000,
1.005102,
1.000000,
1.015411,
1.000000,
1.000000,
1.000000,
1.000000,
1.005102,
1.005102,
1.000000,
1.000000,
1.000000,
1.000000,
1.000000,
1.000000,
1.000000,
1.000000,
1.000000,
1.000000,
1.000000,
1.000000,
1.005102,
1.000000,
1.000000,
1.005102,
1.010204,
1.000000,
1.005102,
1.000000,
1.000000,
1.005102,
1.005102,
1.005102,
1.000000,
1.000000,
1.000000,
1.000000,
1.000000,
1.000000,
1.000000,
1.000000,
1.000000,
1.000000,
1.005102,
1.000000,
1.000000,
1.000000,
1.000000,
1.000000,
1.000000,
1.000000,
1.000000,
1.000000,
1.000000,
1.000000,
1.000000,
1.000000,
1.000000,
1.000000,
1.005102,
1.000000,
1.000000,
1.000000,
1.000000,
1.000000,
1.000000,
1.000000,
1.000000,
1.000000,
1.000000,
1.000000,
1.000000,
1.000000,
1.000000,
1.005102,
1.000000,
1.000000,
1.000000,
1.000000,
1.000000,
1.000000,
1.000000,
1.000000,
1.000000,
1.000000,
1.000000,
1.005102,
1.005102,
1.000000,
1.005102,
1.000000,
1.000000,
1.000000,
1.000000,
1.000000,
1.000000,
1.000000,
1.000000,
1.000000,
1.000000,
1.000000,
1.005102,
1.000000,
1.000000,
1.000000,
1.000000,
1.000000,
1.000000,
1.000000,
1.000000,
1.005102,
1.000000,
1.000000,
1.000000,
1.000000,
1.000000,
1.000000,
1.000000,
1.000000,
1.000000,
1.000000,
1.000000,
1.000000,
1.000000,
1.000000,
1.000000,
1.000000,
1.000000,
1.000000,
1.000000,
1.000000,
1.000000,
1.000000,
1.005102,
1.000000,
1.000000,
1.000000,
1.000000,
1.000000,
1.000000,
1.000000,
1.000000,
1.005102,
1.000000,
1.000000,
1.000000,
1.000000,
1.000000,
1.005102,
1.000000,
1.000000,
1.005102,
1.000000,
1.000000,
1.000000,
1.000000,
1.000000,
1.000000,
1.000000,
1.000000,
1.000000,
1.000000,
1.000000,
1.000000,
1.000000,
1.000000,
1.000000,
1.000000,
1.000000,
1.000000,
1.000000,
1.000000,
1.000000,
1.000000,
1.000000,
1.000000,
1.000000,
1.005102,
1.000000,
1.000000,
1.000000,
1.000000,
1.000000,
1.005102,
1.005102,
1.000000,
1.000000,
1.000000,
1.000000,
1.000000,
1.000000,
1.000000,
1.000000,
1.000000,
1.000000,
1.000000,
1.000000,
1.000000,
1.000000,
1.000000,
1.000000,
1.000000,
1.000000,
1.000000,
1.000000,
1.000000,
1.000000,
1.000000,
1.000000,
1.000000,
1.000000,
1.000000,
1.000000,
1.000000,
1.000000,
1.000000,
1.000000,
1.000000,
1.000000,
1.000000,
1.000000,
1.000000,
1.005102,
1.000000,
1.000000,
1.000000,
1.000000,
1.000000,
1.000000,
1.000000,
1.000000,
1.000000,
1.000000,
1.000000,
1.000000,
1.000000,
1.000000,
1.000000,
1.000000,
1.000000,
1.000000,
1.000000,
1.000000,
1.000000,
1.000000,
1.000000,
1.000000,
1.000000,
1.000000,
1.000000,
1.000000,
1.005102,
1.000000,
1.000000,
1.000000,
1.005102,
1.000000,
1.000000,
1.000000,
1.000000,
1.000000,
1.005102,
1.000000,
1.000000,
1.005102,
1.000000,
1.000000,
1.000000,
1.000000,
1.005102,
1.005102,
1.000000,
1.000000,
1.000000,
1.000000,
1.000000,
1.000000,
1.000000,
1.000000,
1.005102,
1.000000,
1.000000,
1.000000,
1.000000,
1.000000,
1.000000,
1.000000,
1.000000,
1.000000,
1.000000,
1.000000,
1.000000,
1.000000,
1.000000,
1.000000,
1.000000,
1.000000,
1.005102,
1.000000,
1.000000,
1.000000,
1.000000,
1.000000,
1.000000,
1.000000,
1.000000,
1.000000,
1.000000,
1.005102,
1.000000,
1.000000,
1.000000,
1.005102,
1.005102,
1.000000,
1.000000,
1.000000,
1.000000,
1.000000,
1.000000,
1.000000,
1.000000,
1.000000,
1.005102,
1.000000,
1.000000,
1.000000,
1.005102,
1.000000,
1.000000,
1.000000,
1.000000,
1.000000,
1.010309,
1.000000,
1.000000,
1.000000,
1.000000,
1.000000,
1.005102,
1.005102,
1.000000,
1.000000,
1.000000,
1.000000,
1.000000,
1.000000,
1.000000,
1.000000,
1.000000,
1.000000,
1.000000,
1.000000,
1.000000,
1.000000,
1.000000,
1.000000,
1.000000,
1.000000,
1.000000,
1.000000,
1.000000,
1.005102,
1.000000,
1.000000,
1.000000,
1.005102,
1.000000,
1.000000,
1.000000,
1.000000,
1.000000,
1.000000,
1.000000,
1.000000,
1.000000,
1.000000,
1.005102,
1.000000,
1.000000,
1.000000,
1.000000,
1.005102,
1.000000,
1.005102,
1.000000,
1.000000,
1.005102,
1.005102,
1.000000,
1.000000,
1.000000,
1.000000,
1.000000,
1.005102,
1.000000,
1.000000,
1.000000,
1.000000,
1.005102,
1.000000,
1.000000,
1.005102,
1.000000,
1.000000,
1.000000,
1.000000,
1.000000,
1.000000,
1.000000,
1.005102,
1.000000,
1.000000,
1.000000,
1.005102,
1.000000,
1.005102,
1.000000,
1.000000,
1.000000,
1.000000,
1.000000,
1.000000,
1.000000,
1.000000,
1.000000,
1.000000,
1.000000,
1.000000,
1.000000,
1.005102,
1.000000,
1.000000,
1.000000,
1.000000,
1.000000,
1.000000,
1.000000,
1.000000,
1.000000,
1.000000,
1.000000,
1.000000,
1.000000,
1.000000,
1.000000,
1.000000,
1.000000,
1.000000,
1.000000,
1.000000,
1.000000,
1.000000,
1.000000,
1.000000,
1.000000,
1.000000,
1.000000,
1.000000,
1.000000,
1.005102,
1.005102,
1.000000,
1.000000,
1.000000,
1.000000,
1.000000,
1.000000,
1.000000,
1.000000,
1.000000,
1.000000,
1.000000,
1.000000,
1.000000,
1.000000,
1.000000,
1.005102,
1.000000,
1.000000,
1.000000,
1.000000,
1.000000,
1.005102,
1.000000,
1.000000,
1.000000,
1.000000,
1.000000,
1.005102,
1.000000,
1.000000,
1.005102,
1.000000,
1.000000,
1.005102,
1.000000,
1.000000,
1.000000,
1.000000,
1.000000,
1.000000,
1.000000,
1.010204,
1.000000,
1.000000,
1.000000,
1.005102,
1.000000,
1.000000,
1.000000,
1.000000,
1.000000,
1.000000,
1.000000,
1.005102,
1.000000,
1.000000,
1.000000,
1.000000,
1.000000,
1.000000,
1.000000,
1.000000,
1.000000,
1.000000,
1.000000,
1.000000,
1.000000,
1.000000,
1.000000,
1.000000,
1.000000,
1.000000,
1.005102,
1.000000,
1.000000,
1.000000,
1.000000,
1.000000,
1.000000,
1.000000,
1.000000,
1.000000,
1.000000,
1.000000,
1.000000,
1.000000,
1.000000,
1.000000,
1.005102,
1.000000,
1.000000,
1.000000,
1.000000,
1.000000,
1.005102,
1.000000,
1.000000,
1.000000,
1.000000,
1.000000,
1.000000,
1.000000,
1.000000,
1.000000,
1.000000,
1.000000,
1.000000,
1.000000,
1.000000,
1.000000,
1.000000,
1.000000,
1.000000,
1.000000,
1.000000,
1.000000,
1.000000,
1.000000,
1.000000,
1.005102,
1.000000,
1.000000,
1.000000,
1.000000,
1.000000,
1.000000,
1.000000,
1.000000,
1.000000,
1.000000,
1.000000,
1.000000,
1.005102,
1.000000,
1.005102,
1.000000,
1.000000,
1.010204,
1.000000,
1.000000,
1.005102,
1.000000,
1.000000,
1.000000,
1.000000,
1.000000,
1.005102,
1.000000,
1.000000,
1.000000,
1.000000,
1.000000,
1.000000,
1.000000,
1.005102,
1.000000,
1.000000,
1.000000,
1.000000,
1.000000,
1.000000,
1.000000,
1.000000,
1.005102,
1.000000,
1.000000,
1.000000,
1.000000,
1.000000,
1.000000,
1.000000,
1.000000,
1.000000,
1.000000,
1.000000,
1.000000,
1.000000,
1.000000,
1.000000,
1.000000,
1.000000,
1.000000,
1.000000,
1.000000,
1.000000,
1.000000,
1.000000,
1.000000,
1.000000,
1.000000,
1.000000,
1.000000,
1.000000,
1.000000,
1.000000,
1.005102,
1.000000,
1.000000,
1.000000,
1.005102,
1.000000,
1.000000,
1.000000,
1.000000,
