27.067708,
27.067708,
27.067708,
27.067708,
27.067708,
13.161667,
13.175843,
13.446399,
14.516332,
12.586062,
15.345126,
10.532079,
9.844386,
11.341866,
10.991518,
10.963620,
11.646801,
8.198768,
9.020666,
8.825065,
7.753905,
9.145352,
7.286808,
5.943555,
6.618140,
6.767196,
6.248193,
6.186627,
7.239874,
5.861776,
6.341108,
5.296416,
5.243598,
5.115729,
5.654306,
4.380089,
4.876079,
4.492389,
5.281886,
5.439458,
4.907749,
4.035308,
4.865905,
3.636617,
4.442851,
2.989470,
4.371734,
3.116470,
3.987509,
3.940514,
3.353170,
3.827681,
3.281230,
4.114004,
3.482149,
2.895528,
3.349709,
3.220368,
3.765685,
2.789710,
2.504166,
2.984825,
2.665235,
2.683579,
2.747736,
2.433951,
2.607598,
2.918391,
2.418188,
2.555819,
2.728695,
2.539009,
2.117387,
2.702317,
2.482158,
2.351182,
2.643276,
2.202928,
2.864737,
2.379135,
2.300682,
2.556725,
2.101180,
2.289654,
2.619019,
2.091143,
2.063262,
2.760562,
2.248401,
2.060753,
2.127575,
2.127236,
2.524091,
2.129632,
2.070701,
1.821562,
2.165216,
2.112774,
1.918426,
2.140951,
1.916826,
2.128042,
1.746143,
2.122716,
1.866713,
2.078989,
1.863823,
2.139420,
1.962516,
1.964240,
1.696823,
2.065686,
1.932983,
1.825635,
1.880701,
1.886797,
2.025351,
1.566432,
1.726162,
1.883318,
1.922542,
1.742512,
1.687650,
1.901143,
1.841042,
1.576445,
1.632667,
1.963603,
1.605730,
1.730811,
1.602849,
1.573061,
1.918590,
1.572798,
1.572167,
1.498293,
1.590022,
1.534891,
1.636724,
1.730579,
1.544810,
1.910005,
1.520451,
1.464426,
1.545821,
1.696887,
1.488709,
1.707693,
1.610967,
1.380023,
1.566826,
1.585745,
1.494394,
1.552667,
1.502213,
1.364434,
1.767978,
1.675240,
1.391946,
1.432020,
1.527763,
1.449621,
1.335386,
1.484404,
1.373087,
1.393289,
1.663455,
1.323254,
1.415026,
1.354960,
1.348498,
1.537731,
1.388317,
1.498437,
1.444895,
1.435163,
1.399985,
1.389651,
1.407340,
1.330371,
1.367557,
1.340447,
1.418206,
1.321248,
1.329775,
1.416612,
1.265780,
1.301766,
1.697432,
1.281051,
1.397127,
1.319936,
1.333646,
1.304191,
1.334656,
1.341359,
1.298501,
1.512441,
1.314911,
1.391974,
1.309079,
1.260467,
1.336148,
1.255106,
1.310222,
1.239546,
1.267545,
1.340908,
1.319502,
1.298988,
1.314249,
1.319658,
1.271121,
1.311129,
1.237444,
1.212819,
1.264558,
1.252399,
1.318749,
1.306159,
1.312206,
1.236883,
1.243699,
1.227821,
1.305015,
1.234591,
1.315672,
1.283297,
1.245426,
1.237587,
1.275683,
1.209074,
1.284373,
1.205245,
1.369203,
1.236511,
1.252389,
1.225724,
1.225129,
1.331091,
1.281404,
1.251116,
1.207784,
1.227234,
1.247262,
1.224664,
1.221205,
1.210182,
1.215017,
1.255164,
1.274264,
1.272388,
1.194160,
1.225319,
1.289763,
1.197950,
1.215563,
1.186116,
1.196592,
1.192171,
1.272073,
1.182211,
1.218464,
1.205529,
1.180914,
1.222807,
1.184247,
1.217160,
1.221749,
1.198220,
1.246487,
1.205184,
1.209958,
1.225505,
1.199269,
1.216164,
1.175027,
1.164610,
1.171133,
1.178817,
1.174993,
1.169647,
1.184581,
1.179040,
1.182157,
1.235375,
1.183212,
1.169409,
1.154008,
1.163059,
1.180243,
1.190856,
1.186716,
1.161027,
1.204910,
1.189549,
1.162702,
1.176958,
1.161171,
1.171357,
1.181388,
1.170370,
1.185577,
1.166363,
1.152722,
1.151010,
1.146813,
1.162785,
1.148980,
1.182754,
1.160394,
1.160062,
1.147530,
1.178078,
1.177769,
1.132727,
1.180101,
1.149639,
1.130591,
1.202411,
1.147352,
1.150877,
1.130601,
1.169249,
1.166818,
1.141262,
1.137860,
1.155464,
1.140030,
1.147347,
1.146352,
1.143671,
1.148584,
1.149790,
1.132717,
1.160140,
1.145328,
1.141064,
1.149353,
1.172836,
1.133037,
1.133807,
1.147381,
1.152089,
1.159139,
1.148263,
1.170410,
1.127588,
1.158122,
1.130792,
1.152001,
1.142551,
1.154107,
1.165176,
1.137144,
1.138358,
1.159273,
1.117205,
1.116272,
1.127048,
1.143498,
1.128891,
1.134648,
1.114879,
1.137934,
1.135266,
1.117932,
1.123016,
1.147935,
1.129271,
1.137961,
1.129028,
1.109221,
1.116131,
1.134276,
1.139122,
1.136464,
1.106626,
1.128108,
1.116558,
1.119223,
1.143646,
1.139475,
1.109971,
1.116140,
1.114015,
1.110412,
1.136265,
1.116435,
1.125374,
1.114074,
1.127018,
1.102480,
1.126594,
1.110673,
1.100447,
1.113869,
1.126115,
1.113581,
1.130294,
1.116209,
1.118862,
1.105685,
1.118858,
1.125328,
1.127370,
1.119147,
1.111159,
1.108556,
1.103148,
1.131486,
1.130916,
1.120803,
1.114485,
1.136591,
1.116078,
1.105706,
1.111436,
1.120800,
1.106109,
1.116314,
1.100113,
1.104305,
1.098601,
1.127292,
1.116652,
1.104260,
1.107062,
1.109055,
1.106938,
1.116574,
1.093064,
1.113445,
1.101615,
1.105854,
1.112937,
1.099105,
1.105530,
1.112787,
1.093972,
1.106085,
1.098785,
1.098141,
1.095526,
1.093622,
1.101649,
1.102862,
1.104550,
1.105764,
1.115957,
1.101603,
1.119480,
1.094753,
1.116253,
1.097076,
1.118050,
1.099874,
1.098504,
1.081030,
1.100432,
1.097345,
1.097331,
1.089438,
1.107969,
1.087009,
1.111248,
1.104250,
1.111707,
1.089724,
1.101658,
1.088764,
1.102508,
1.098534,
1.092371,
1.093996,
1.111724,
1.102832,
1.108426,
1.106143,
1.093432,
1.102393,
1.093438,
1.087579,
1.090177,
1.091633,
1.094302,
1.082427,
1.085585,
1.086307,
1.079449,
1.086249,
1.076699,
1.091535,
1.094747,
1.090625,
1.087234,
1.096742,
1.098376,
1.087449,
1.095968,
1.094859,
1.103448,
1.096404,
1.087543,
1.085132,
1.088175,
1.072992,
1.077989,
1.087215,
1.086711,
1.080817,
1.082590,
1.086708,
1.079267,
1.091437,
1.092178,
1.085862,
1.085500,
1.079280,
1.079828,
1.087186,
1.090902,
1.088920,
1.078669,
1.094805,
1.080636,
1.080897,
1.084155,
1.082648,
1.088096,
1.073477,
1.076916,
1.073382,
1.081265,
1.092545,
1.078389,
1.078568,
1.092368,
1.097230,
1.088742,
1.083501,
1.069078,
1.087642,
1.075399,
1.081910,
1.082160,
1.073864,
1.070130,
1.073965,
1.081426,
1.081521,
1.085601,
1.082086,
1.088730,
1.074478,
1.071837,
1.072242,
1.068945,
1.079401,
1.077765,
1.091916,
1.088767,
1.080866,
1.081991,
1.085597,
1.073103,
1.077787,
1.072282,
1.064792,
1.074731,
1.070789,
1.072022,
1.069074,
1.081474,
1.082009,
1.066556,
1.072634,
1.073828,
1.075646,
1.077295,
1.069184,
1.076047,
1.070160,
1.073896,
1.070380,
1.072292,
1.074939,
1.083133,
1.070198,
1.074374,
1.065646,
1.072661,
1.071933,
1.068805,
1.079192,
1.064841,
1.092279,
1.084716,
1.085789,
1.074082,
1.078425,
1.090115,
1.073465,
1.066682,
1.065801,
1.070478,
1.071675,
1.059573,
1.079006,
1.074141,
1.071081,
1.060449,
1.063113,
1.070083,
1.062080,
1.074649,
1.069442,
1.062460,
1.063437,
1.073078,
1.065963,
1.070871,
1.078363,
1.071300,
1.068900,
1.069797,
1.075380,
1.071511,
1.069223,
1.082563,
1.077510,
1.077141,
1.070951,
1.061525,
1.061173,
1.069747,
1.064405,
1.071647,
1.059747,
1.068638,
1.067198,
1.056813,
1.071489,
1.060737,
1.063576,
1.074145,
1.069532,
1.075890,
1.067462,
1.077658,
1.067308,
1.065666,
1.070513,
1.055268,
1.060982,
1.061499,
1.073030,
1.062177,
1.065604,
1.063998,
1.069575,
1.060928,
1.070530,
1.071680,
1.074490,
1.061264,
1.063239,
1.075765,
1.069066,
1.069309,
1.059940,
1.072589,
1.059626,
1.066269,
1.074979,
1.068112,
1.057304,
1.063306,
1.061726,
1.062329,
1.061630,
1.057289,
1.060464,
1.067683,
1.058501,
1.062854,
1.067957,
1.064288,
1.065813,
1.066329,
1.061773,
1.069787,
1.065056,
1.064729,
1.062990,
1.057719,
1.066941,
1.064812,
1.065847,
1.061444,
1.060117,
1.068919,
1.058426,
1.055472,
1.057071,
1.062748,
1.059720,
1.078100,
1.058307,
1.062482,
1.058647,
1.055557,
1.059096,
1.051978,
1.053270,
1.065180,
1.072871,
1.060836,
1.050011,
1.064210,
1.054882,
1.072138,
1.055153,
1.062019,
1.061274,
1.060255,
1.049561,
1.059488,
1.065501,
1.054426,
1.055978,
1.058876,
1.059636,
1.062219,
1.056556,
1.058665,
1.065439,
1.058420,
1.061973,
1.050982,
1.058515,
1.061512,
1.060006,
1.054721,
1.072359,
1.046540,
1.058736,
1.057181,
1.054358,
1.051656,
1.055056,
1.052704,
1.046688,
1.055954,
1.057348,
1.061703,
1.055455,
1.058660,
1.048541,
1.062085,
1.067159,
1.061049,
1.062800,
1.052405,
1.058320,
1.054974,
1.048763,
1.051957,
1.051656,
1.052212,
1.054459,
1.053007,
1.064380,
1.045920,
1.068119,
1.055056,
1.054826,
1.053452,
1.053171,
1.057464,
1.043371,
1.048415,
1.055851,
1.052145,
1.047802,
1.059003,
1.049736,
1.044178,
1.057362,
1.056278,
1.054235,
1.056693,
1.047181,
1.051964,
1.050133,
1.052137,
1.049509,
1.052653,
1.050015,
1.049175,
1.048352,
1.059247,
1.049852,
1.048417,
1.054101,
1.057428,
1.050262,
1.064737,
1.060527,
1.065740,
1.053347,
1.051047,
1.057327,
1.051667,
1.051975,
1.046286,
1.046538,
1.052310,
1.054146,
1.038408,
1.050784,
1.050624,
1.053511,
1.050081,
1.050537,
1.047466,
1.046974,
1.050944,
1.054400,
1.047105,
1.055360,
1.053777,
1.061230,
1.051884,
1.039318,
1.054581,
1.051857,
1.055285,
1.049323,
1.047759,
1.055467,
1.048028,
1.055296,
1.050134,
1.049720,
1.055527,
1.047256,
1.057730,
1.048380,
1.048064,
1.048202,
1.044758,
1.061355,
1.051096,
1.050241,
1.056349,
1.046715,
1.046527,
1.048589,
1.051915,
1.045235,
1.047389,
1.043931,
1.055171,
1.046222,
1.048866,
1.050032,
1.044849,
1.045564,
1.045047,
1.043338,
1.049822,
1.046487,
1.054176,
1.050701,
1.055667,
1.044499,
1.050506,
1.047290,
1.053309,
1.052531,
1.049779,
1.048875,
1.047007,
1.046729,
1.055442,
1.049655,
1.039335,
1.050978,
1.043000,
1.041801,
1.042824,
1.048266,
1.049400,
1.051578,
1.054051,
1.044550,
1.044108,
1.047384,
1.055932,
1.044727,
1.047154,
1.048735,
1.041405,
1.047066,
1.040495,
1.039006,
1.049815,
1.046236,
1.044772,
1.047055,
1.037487,
1.045927,
1.040800,
1.039125,
1.048157,
1.048818,
1.040879,
1.045627,
1.040084,
1.054966,
1.041597,
1.044614,
1.039241,
1.042548,
1.047433,
1.044582,
1.047288,
1.039049,
1.053579,
1.037175,
1.048570,
1.041789,
1.048090,
1.037639,
1.040620,
1.050593,
1.037399,
1.047660,
1.042576,
1.048509,
1.047266,
1.037036,
1.045654,
1.043680,
1.047859,
1.040792,
1.042301,
1.046986,
1.048663,
1.040903,
1.034771,
1.038277,
1.044012,
1.042680,
1.040566,
1.040612,
1.046951,
1.046374,
1.043586,
1.041920,
1.040876,
1.036125,
1.044016,
1.050179,
1.031439,
1.051829,
1.045180,
1.039924,
1.045476,
1.047303,
1.045102,
1.038720,
1.038044,
1.039805,
1.039837,
1.044629,
1.050022,
1.040235,
1.043190,
1.040664,
1.036408,
1.047330,
1.045502,
1.040628,
1.043367,
1.044281,
1.039814,
1.044322,
1.041510,
1.037051,
1.041220,
1.041163,
1.039282,
1.041220,
1.038586,
1.055958,
1.041854,
1.038194,
1.047119,
1.036588,
1.039079,
1.036837,
1.041592,
1.041922,
1.036799,
1.040075,
1.032967,
1.035279,
1.042179,
1.035034,
1.038668,
1.043248,
1.043925,
1.032217,
1.041825,
1.038607,
1.040429,
1.043210,
1.041786,
1.036963,
1.036852,
1.039824,
1.050843,
1.039478,
1.042937,
1.045752,
1.038846,
1.047598,
1.034991,
1.039485,
1.044404,
1.036988,
1.046252,
1.038666,
1.037684,
1.041240,
1.034576,
1.034014,
1.035033,
1.040272,
1.041114,
1.041956,
1.039183,
1.037092,
1.037307,
1.031545,
1.039760,
1.038789,
1.048839,
1.041132,
1.032208,
1.035734,
1.041722,
1.034364,
1.035779,
1.038397,
1.034216,
1.044748,
1.039730,
1.043571,
1.034160,
1.034614,
1.041995,
1.036687,
1.037071,
1.032672,
1.034294,
1.038199,
1.036668,
1.035114,
1.040136,
1.033151,
1.032501,
1.035597,
1.039699,
1.035722,
1.035945,
1.042602,
1.041151,
1.035603,
1.035696,
1.036979,
1.037665,
1.040454,
1.036377,
1.033890,
1.035398,
1.032610,
1.036631,
1.032132,
1.032905,
1.036839,
1.036227,
1.043603,
1.035435,
1.039929,
1.033384,
1.028081,
1.042963,
1.037382,
1.035279,
1.043642,
1.039724,
1.037035,
1.034266,
1.027580,
1.039529,
1.031964,
1.041041,
1.037963,
1.045014,
1.039288,
1.041105,
1.038854,
1.036460,
1.041020,
1.025245,
1.036113,
1.027814,
1.038379,
1.029658,
1.034940,
1.040177,
1.031251,
1.028771,
1.035640,
1.034518,
1.033844,
1.029409,
1.034672,
1.032549,
1.033583,
1.037326,
1.039060,
1.042201,
1.042292,
1.031526,
1.038227,
1.037994,
1.034661,
1.037323,
1.034220,
1.033641,
1.033696,
1.036262,
1.039705,
1.033624,
1.029841,
1.037668,
1.037695,
1.032225,
1.033231,
1.030582,
1.033063,
1.032924,
1.034950,
1.040549,
1.029463,
1.034681,
1.034898,
1.032960,
1.034787,
1.037622,
1.040394,
1.036569,
1.035336,
1.034889,
1.041393,
1.037358,
1.029763,
1.038354,
1.033274,
1.027863,
1.034633,
1.038117,
1.034156,
1.034133,
1.037523,
1.038688,
1.037813,
1.037287,
1.033320,
1.041713,
1.036748,
1.029153,
1.032401,
1.035491,
1.034962,
1.037343,
1.030711,
1.042936,
1.035420,
1.034529,
1.033954,
1.032171,
1.039347,
1.036091,
1.033565,
1.028611,
1.025945,
1.034354,
1.035963,
1.031202,
1.033381,
1.035606,
1.038352,
1.032289,
1.032255,
1.034594,
1.035212,
1.034684,
1.030386,
1.033944,
1.037036,
1.034667,
1.036049,
1.029598,
1.026158,
1.041944,
1.033186,
1.033542,
1.033250,
1.025126,
1.035553,
1.035578,
1.028074,
1.025617,
1.041289,
1.033005,
1.032605,
1.030555,
1.033851,
1.031226,
1.034569,
1.037825,
1.031919,
1.035513,
1.033930,
1.038985,
1.036072,
1.030888,
1.038124,
1.029190,
1.032514,
1.034620,
1.034501,
1.039062,
1.025129,
1.037789,
1.030796,
1.032861,
1.032206,
1.035948,
1.038967,
1.030524,
1.026498,
1.037239,
1.034508,
1.029821,
1.032526,
1.030339,
1.029581,
1.033994,
1.034490,
1.026589,
1.033890,
1.035590,
1.029506,
1.036334,
1.036346,
1.027979,
1.031907,
1.036013,
1.032218,
1.028455,
1.027520,
1.026572,
1.033305,
1.031213,
1.026904,
1.028185,
1.034074,
1.032339,
1.031255,
1.034315,
1.033584,
1.039213,
1.034948,
1.026813,
1.026560,
1.027778,
1.030191,
1.035593,
1.024819,
1.024537,
1.030504,
1.027556,
1.027576,
1.027875,
1.032535,
1.031153,
1.024574,
1.032540,
1.029070,
1.031871,
1.031931,
1.031531,
1.035952,
1.030215,
1.031485,
1.033395,
1.027207,
1.029124,
1.026065,
1.029558,
1.032068,
1.036877,
1.028471,
1.036689,
1.026195,
1.035172,
1.032630,
1.031222,
1.027861,
1.033255,
1.034575,
1.030600,
1.032637,
1.030232,
1.030520,
1.031270,
1.028451,
1.027813,
1.030189,
1.029175,
1.034583,
1.030587,
1.030862,
1.026135,
1.032590,
1.028829,
1.027795,
1.031510,
1.031456,
1.033005,
1.032593,
1.028694,
1.034696,
1.030627,
1.030244,
1.029792,
1.030010,
1.023483,
1.031530,
1.033562,
1.030227,
1.024095,
1.027501,
1.028471,
1.027577,
1.032656,
1.026838,
1.030323,
1.030306,
1.029213,
1.029251,
1.030891,
1.027572,
1.028683,
1.027292,
1.034912,
1.028221,
1.023574,
1.027154,
1.024424,
1.023654,
1.027111,
1.024524,
1.030602,
1.029624,
1.023548,
1.032549,
1.029881,
1.037300,
1.026144,
1.030202,
1.022139,
1.028229,
1.031035,
1.032908,
1.028843,
1.030325,
1.024476,
1.020762,
1.031799,
1.025568,
1.022049,
1.034531,
1.031984,
1.029516,
1.031019,
1.025776,
1.031563,
1.030152,
1.029410,
1.031856,
1.032175,
1.026835,
1.029496,
1.031242,
1.027175,
1.027563,
1.023497,
1.031231,
1.024107,
1.031323,
1.026235,
1.030420,
1.024148,
1.030896,
1.022979,
1.023445,
1.031525,
1.025864,
1.026502,
1.027154,
1.033185,
1.027053,
1.024438,
1.028904,
1.034399,
1.024158,
1.030630,
1.032157,
1.030245,
1.028200,
1.029200,
1.028971,
1.026107,
1.025793,
1.031513,
1.030944,
1.031375,
1.025181,
1.027265,
1.027953,
1.023552,
1.027141,
1.029789,
1.028840,
1.026893,
1.026903,
1.026931,
1.026861,
1.025203,
1.025448,
1.028558,
1.029565,
1.027489,
1.029106,
1.029879,
1.023524,
1.029834,
1.027833,
1.029835,
1.025181,
1.029112,
1.027459,
1.025421,
1.024515,
1.027049,
1.025571,
1.031654,
1.025900,
1.030931,
1.024807,
1.023102,
1.028101,
1.029489,
1.025960,
1.027858,
1.027558,
1.025860,
1.028792,
1.019757,
1.025225,
1.026120,
1.025818,
1.028132,
1.031346,
1.025830,
1.022827,
1.028767,
1.027928,
1.024897,
1.029876,
1.025055,
1.029577,
1.028508,
1.027091,
1.025569,
1.028194,
1.021500,
1.030140,
1.026496,
1.028189,
1.027777,
1.031245,
1.022842,
1.026199,
1.022568,
1.025498,
1.027162,
1.023144,
1.031149,
1.027874,
1.028643,
1.024736,
1.020117,
1.022925,
1.035019,
1.023529,
1.032132,
1.026443,
1.025453,
1.034717,
1.030846,
1.030259,
1.024098,
1.026128,
1.033238,
1.023527,
1.023838,
1.028893,
1.028969,
1.027550,
1.026543,
1.024180,
1.021405,
1.027139,
1.027126,
1.029593,
1.021204,
1.025733,
1.020827,
1.029099,
1.023483,
1.026778,
1.027203,
1.027153,
1.030985,
1.030519,
1.023473,
1.024487,
1.024382,
1.020104,
1.026130,
1.023081,
1.028239,
1.026744,
1.024487,
1.026184,
1.025838,
1.035672,
1.021097,
1.028801,
1.030172,
1.028209,
1.034625,
1.032771,
1.022266,
1.023446,
1.022464,
1.027125,
1.024084,
1.027195,
1.028511,
1.028519,
1.024848,
1.021805,
1.024155,
1.021551,
1.027484,
1.024404,
1.027179,
1.023518,
1.026229,
1.022084,
1.029563,
1.027465,
1.028276,
1.030824,
1.020542,
1.023759,
1.027083,
1.025523,
1.027207,
1.023928,
1.020464,
1.022886,
1.025436,
1.020878,
1.023190,
1.029912,
1.025559,
1.023123,
1.025159,
1.025559,
1.025449,
1.020152,
1.027286,
1.027927,
1.027916,
1.020868,
1.029902,
1.023562,
1.025111,
1.023462,
1.024787,
1.026356,
1.026432,
1.025782,
1.021101,
1.023475,
1.027200,
1.025119,
1.028103,
1.025197,
1.024536,
1.021824,
1.023475,
1.025429,
1.026594,
1.020470,
1.023448,
1.022189,
1.027125,
1.028542,
1.020522,
1.022150,
1.027854,
1.023130,
1.030981,
1.027935,
1.025768,
1.029792,
1.025394,
1.026100,
1.026869,
1.026099,
1.029327,
1.026528,
1.025122,
1.029472,
1.026165,
1.022714,
1.023516,
1.020260,
1.028455,
1.019481,
1.027189,
1.022768,
1.026567,
1.029173,
1.024756,
1.021142,
1.025871,
1.024484,
1.024420,
1.021752,
1.032358,
1.022496,
1.022183,
1.022541,
1.020837,
1.026872,
1.024126,
1.022121,
1.027453,
1.021497,
1.022579,
1.023764,
1.021474,
1.021849,
1.024148,
1.018470,
1.022466,
1.024521,
1.022694,
1.017832,
1.018432,
1.021820,
1.022851,
1.022638,
1.020830,
1.026476,
1.021398,
1.018823,
1.023088,
1.024235,
1.020116,
1.026985,
1.025789,
1.018130,
1.023511,
1.024507,
1.026301,
1.026297,
1.026879,
1.021908,
1.019841,
1.024797,
1.019918,
1.024511,
1.017133,
1.020157,
1.021555,
1.023196,
1.021547,
1.025463,
1.024270,
1.020859,
1.021169,
1.023202,
1.024615,
1.022111,
1.027210,
1.021812,
1.019466,
1.025761,
1.019840,
1.024389,
1.025062,
1.021087,
1.020225,
1.024487,
1.021474,
1.023262,
1.021183,
1.022749,
1.025493,
1.022174,
1.025826,
1.031275,
1.018501,
1.022532,
1.025110,
1.024154,
1.021801,
1.018110,
1.020524,
1.023898,
1.020111,
1.018240,
1.023858,
1.023766,
1.019538,
1.019831,
1.015872,
1.023461,
1.018500,
1.025781,
1.024397,
1.025166,
1.018761,
1.022528,
1.022210,
1.027457,
1.022807,
1.021488,
1.019100,
1.024099,
1.024499,
1.027724,
1.021176,
1.021934,
1.016821,
1.024471,
1.018476,
1.023842,
1.018807,
1.022165,
1.019881,
1.030164,
1.022081,
1.022819,
1.020158,
1.020867,
1.020206,
1.025096,
1.025072,
1.018504,
1.017185,
1.024438,
1.022500,
1.020502,
1.026144,
1.018497,
1.025151,
1.019874,
1.022533,
1.019836,
1.024262,
1.024917,
1.019914,
1.027148,
1.018545,
1.018140,
1.021905,
1.019543,
1.019494,
1.017112,
1.018794,
1.020471,
1.019792,
1.025486,
1.021469,
1.022132,
1.018503,
1.024120,
1.022461,
1.019521,
1.024613,
1.022772,
1.019813,
1.023796,
1.021503,
1.022465,
1.029476,
1.018271,
1.022230,
1.021636,
1.028316,
1.017858,
1.024819,
1.019106,
1.018814,
1.020782,
1.018489,
1.023822,
1.026604,
1.019120,
1.022112,
1.021454,
1.020242,
1.019120,
1.017478,
1.018519,
1.023830,
1.017486,
1.015954,
1.019418,
1.023453,
1.022198,
1.017146,
1.018576,
1.022563,
1.018811,
1.020557,
1.017126,
1.018504,
1.020499,
1.020124,
1.025476,
1.021530,
1.022466,
1.019897,
1.019164,
1.023219,
1.016503,
1.023828,
1.021127,
1.022396,
1.015249,
1.023960,
1.016523,
1.020939,
1.021191,
1.020144,
1.017530,
1.020477,
1.025429,
1.017822,
1.016801,
1.022805,
1.015587,
1.029560,
1.015818,
1.022141,
1.021461,
1.019552,
1.018170,
1.024844,
1.020463,
1.025167,
1.017903,
1.018820,
1.011944,
1.019446,
1.020505,
1.016842,
1.016774,
1.024176,
1.021582,
1.020900,
1.021813,
1.017875,
1.024246,
1.019592,
1.020811,
1.023225,
1.021217,
1.014617,
1.020459,
1.015851,
1.023188,
1.020162,
1.021426,
1.016938,
1.023200,
1.023753,
1.023365,
1.013234,
1.015810,
1.022245,
1.019771,
1.019466,
1.017533,
1.020597,
1.019799,
1.016851,
1.017548,
1.022168,
1.019813,
1.017189,
1.024460,
1.021153,
1.017207,
1.021931,
1.022838,
1.023182,
1.022174,
1.025733,
1.020049,
1.023449,
1.018137,
1.024485,
1.025695,
1.019513,
1.020429,
1.025161,
1.020485,
1.018632,
1.018496,
1.011575,
1.017268,
1.020477,
1.016814,
1.021503,
1.023213,
1.018187,
1.017285,
1.018130,
1.015895,
1.018475,
1.019524,
1.018490,
1.015509,
1.022244,
1.021275,
1.024174,
1.019141,
1.019826,
1.023809,
1.019151,
1.022217,
1.018469,
1.019764,
1.020797,
1.017807,
1.020192,
1.018442,
1.017529,
1.016848,
1.023985,
1.018836,
1.017146,
1.014254,
1.017880,
1.017520,
1.016845,
1.017499,
1.017252,
1.019882,
1.022127,
1.015916,
1.016509,
1.014502,
1.019895,
1.024126,
1.020797,
1.021475,
1.018151,
1.021544,
1.013898,
1.019128,
1.019777,
1.019249,
1.022845,
1.017814,
1.023157,
1.019550,
1.017853,
1.020111,
1.019486,
1.017181,
1.020825,
1.018770,
1.021199,
1.018822,
1.020844,
1.015990,
1.018560,
1.017845,
1.019111,
1.017260,
1.016966,
1.021211,
1.019502,
1.025115,
1.020267,
1.019144,
1.016889,
1.021163,
1.022161,
1.021870,
1.017163,
1.018808,
1.018109,
1.014529,
1.022139,
1.014881,
1.017169,
1.019120,
1.020781,
1.018161,
1.018810,
