3.940000,
3.940000,
3.940000,
3.940000,
3.940000,
2.464904,
2.288870,
2.321415,
2.751669,
2.431422,
2.390210,
2.017997,
2.162061,
2.348624,
1.989095,
2.085362,
1.952232,
1.640712,
1.655128,
1.541836,
1.601183,
1.652010,
1.753767,
1.259095,
1.250501,
1.318237,
1.352236,
1.452128,
1.453499,
1.313585,
1.224370,
1.197775,
1.426238,
1.272032,
1.354429,
1.189837,
1.208874,
1.125220,
1.165028,
1.251757,
1.198118,
1.109551,
1.168812,
1.208216,
1.201855,
1.173433,
1.119033,
1.088241,
1.233967,
1.097526,
1.085231,
1.083593,
1.158585,
1.152318,
1.056203,
1.086536,
1.126697,
1.100612,
1.101618,
1.114344,
1.104280,
1.122545,
1.091388,
1.119251,
1.097743,
1.088175,
1.073258,
1.091659,
1.091133,
1.103840,
1.047708,
1.113273,
1.065801,
1.068043,
1.053572,
1.050776,
1.047879,
1.067677,
1.073258,
1.073449,
1.039563,
1.061931,
1.085329,
1.053372,
1.067409,
1.053615,
1.050858,
1.059647,
1.056637,
1.053801,
1.047766,
1.064699,
1.042336,
1.056989,
1.044935,
1.042625,
1.039673,
1.031530,
1.074338,
1.056382,
1.042683,
1.067655,
1.071144,
1.039790,
1.045134,
1.039964,
1.042277,
1.042814,
1.047766,
1.039673,
1.028816,
1.034536,
1.058975,
1.058975,
1.034020,
1.042163,
1.018176,
1.020780,
1.042221,
1.068222,
1.031416,
1.046154,
1.042163,
1.031420,
1.039505,
1.034301,
1.039563,
1.031530,
1.020809,
1.044994,
1.026044,
1.047766,
1.026071,
1.031420,
1.034020,
1.028816,
1.023413,
1.023824,
1.013077,
1.028926,
1.025989,
1.023493,
1.020780,
1.039673,
1.037019,
1.042504,
1.034078,
1.026155,
1.031306,
1.047706,
1.034188,
1.020673,
1.028702,
1.020619,
1.018122,
1.047766,
1.042163,
1.042515,
1.031530,
1.015544,
1.031362,
1.028648,
1.012860,
1.031306,
1.034251,
1.031442,
1.037045,
1.020727,
1.018176,
1.015464,
1.007653,
1.054331,
1.026207,
1.023276,
1.026044,
1.028592,
1.026044,
1.031306,
1.037144,
1.018179,
1.018015,
1.018339,
1.026044,
1.031936,
1.031416,
1.023607,
1.023357,
1.028758,
1.026207,
1.026375,
1.018179,
1.018015,
1.012860,
1.010257,
1.018400,
1.034078,
1.023387,
1.023387,
1.020836,
1.012860,
1.023493,
1.010283,
1.018232,
1.023413,
1.012860,
1.023441,
1.015518,
1.018122,
1.023331,
1.018400,
1.015518,
1.020673,
1.023607,
1.018069,
1.013104,
1.018069,
1.012914,
1.018069,
1.031757,
1.020890,
1.020673,
1.020836,
1.015518,
1.010364,
1.018400,
1.020783,
1.015681,
1.018069,
1.010257,
1.023387,
1.010364,
1.018122,
1.031757,
1.018232,
1.018122,
1.020673,
1.010257,
1.018069,
1.023331,
1.026434,
1.023555,
1.020836,
1.012860,
1.007706,
1.031474,
1.010257,
1.013189,
1.020673,
1.026158,
1.010204,
1.010257,
1.028592,
1.015411,
1.015518,
1.018206,
1.020673,
1.013077,
1.015518,
1.007706,
1.012808,
1.018339,
1.018069,
1.015411,
1.023493,
1.023331,
1.007653,
1.015518,
1.020890,
1.020783,
1.018122,
1.028989,
1.010257,
1.015411,
1.015466,
1.025934,
1.015518,
1.028648,
1.026265,
1.005102,
1.015518,
1.023441,
1.012915,
1.012915,
1.023331,
1.012808,
1.010257,
1.002551,
1.015411,
1.020727,
1.012860,
1.023331,
1.005155,
1.023276,
1.010364,
1.015518,
1.020809,
1.007653,
1.010364,
1.015518,
1.018232,
1.005102,
1.015466,
1.010309,
1.012860,
1.010257,
1.005155,
1.015628,
1.012860,
1.015466,
1.007706,
1.012967,
1.005102,
1.012915,
1.015625,
1.005102,
1.018015,
1.010364,
1.012915,
1.010257,
1.007653,
1.018176,
1.007759,
1.025934,
1.007706,
1.010257,
1.010257,
1.015411,
1.010204,
1.007653,
1.005102,
1.020727,
1.020783,
1.010257,
1.005155,
1.013077,
1.010364,
1.007706,
1.007653,
1.007706,
1.010309,
1.023384,
1.010257,
1.018069,
1.007653,
1.005102,
1.020619,
1.015628,
1.007706,
1.007706,
1.015466,
1.005102,
1.007812,
1.015518,
1.010364,
1.015518,
1.012860,
1.007706,
1.023276,
1.007706,
1.015411,
1.002551,
1.010309,
1.015518,
1.015518,
1.012860,
1.010309,
1.020780,
1.020783,
1.012915,
1.020673,
1.005102,
1.018232,
1.007706,
1.015411,
1.010257,
1.018176,
1.023387,
1.007653,
1.012967,
1.018069,
1.000000,
1.028762,
1.015411,
1.007653,
1.010204,
1.005102,
1.007706,
1.007653,
1.018176,
1.010204,
1.010204,
1.018015,
1.023276,
1.007706,
1.020783,
1.015411,
1.005102,
1.007706,
1.005102,
1.012860,
1.012915,
1.015411,
1.012967,
1.012915,
1.007653,
1.010257,
1.015466,
1.015411,
1.015411,
1.012967,
1.015628,
1.007706,
1.005102,
1.012860,
1.010204,
1.002551,
1.018069,
1.010309,
1.018069,
1.015466,
1.002551,
1.007653,
1.002551,
1.007706,
1.012967,
1.005102,
1.010257,
1.012808,
1.010257,
1.010446,
1.007706,
1.000000,
1.005102,
1.010257,
1.010257,
1.018069,
1.012808,
1.010257,
1.007706,
1.010257,
1.010204,
1.005128,
1.007653,
1.005102,
1.005102,
1.007706,
1.007653,
1.002551,
1.007706,
1.002551,
1.020783,
1.007706,
1.015518,
1.007706,
1.015518,
1.010204,
1.012967,
1.007653,
1.015518,
1.010257,
1.000000,
1.002551,
1.002551,
1.015518,
1.007706,
1.007706,
1.005102,
1.010257,
1.005102,
1.002551,
1.012860,
1.007653,
1.005102,
1.002551,
1.002551,
1.018176,
1.005102,
1.010257,
1.005102,
1.002551,
1.002551,
1.007653,
1.012915,
1.002551,
1.007653,
1.015466,
1.007653,
1.000000,
1.007653,
1.005102,
1.002551,
1.012860,
1.013077,
1.007706,
1.007706,
1.007706,
1.005102,
1.002551,
1.012915,
1.010309,
1.010257,
1.012967,
1.012860,
1.002551,
1.010364,
1.005102,
1.012915,
1.007706,
1.005102,
1.005155,
1.010364,
1.005102,
1.002551,
1.010257,
1.007653,
1.007706,
1.015466,
1.002551,
1.012808,
1.007706,
1.002551,
1.007706,
1.000000,
1.010309,
1.002551,
1.002551,
1.005102,
1.002551,
1.005102,
1.005102,
1.005155,
1.005102,
1.002551,
1.010257,
1.012915,
1.007653,
1.005102,
1.005102,
1.007653,
1.012860,
1.002551,
1.002551,
1.002551,
1.010257,
1.007706,
1.002551,
1.010309,
1.005102,
1.007706,
1.005102,
1.005155,
1.007653,
1.007706,
1.007653,
1.002551,
1.005102,
1.002551,
1.012915,
1.010364,
1.005102,
1.007653,
1.005102,
1.007706,
1.010257,
1.002551,
1.005102,
1.002551,
1.007653,
1.007653,
1.007706,
1.005102,
1.002551,
1.002551,
1.007706,
1.010257,
1.015628,
1.012808,
1.015518,
1.012860,
1.018122,
1.007653,
1.010257,
1.000000,
1.005102,
1.012915,
1.000000,
1.005155,
1.002551,
1.000000,
1.000000,
1.007653,
1.005102,
1.010257,
1.005102,
1.010257,
1.002551,
1.007706,
1.002551,
1.002551,
1.002551,
1.007653,
1.005102,
1.007812,
1.010257,
1.015518,
1.007706,
1.002551,
1.010364,
1.007653,
1.002551,
1.023607,
1.005155,
1.015466,
1.005128,
1.007706,
1.005155,
1.010309,
1.005102,
1.000000,
1.005102,
1.010257,
1.010257,
1.000000,
1.012860,
1.012860,
1.005102,
1.005102,
1.000000,
1.005102,
1.010364,
1.005155,
1.007653,
1.007653,
1.005102,
1.015464,
1.002551,
1.007706,
1.002551,
1.005102,
1.010364,
1.000000,
1.005102,
1.007812,
1.007706,
1.005102,
1.010309,
1.007706,
1.010257,
1.015518,
1.012860,
1.005102,
1.010257,
1.005102,
1.000000,
1.010257,
1.005102,
1.010257,
1.007706,
1.007653,
1.010257,
1.005155,
1.000000,
1.005102,
1.007812,
1.010257,
1.015411,
1.007706,
1.007706,
1.007706,
1.002551,
1.005102,
1.000000,
1.010257,
1.005102,
1.005102,
1.002551,
1.002551,
1.000000,
1.010364,
1.002551,
1.007706,
1.005155,
1.005102,
1.007653,
1.005102,
1.002551,
1.005102,
1.005102,
1.002551,
1.002551,
1.000000,
1.007706,
1.005102,
1.012808,
1.005102,
1.005102,
1.007706,
1.002551,
1.010364,
1.010257,
1.002551,
1.007653,
1.010364,
1.007706,
1.007706,
1.005155,
1.005102,
1.007706,
1.002551,
1.012860,
1.007706,
1.002551,
1.015518,
1.002551,
1.007653,
1.005155,
1.002577,
1.000000,
1.005102,
1.005102,
1.000000,
1.007653,
1.007706,
1.005102,
1.007653,
1.007706,
1.005102,
1.005102,
1.007706,
1.007653,
1.002551,
1.007653,
1.005102,
1.005102,
1.010257,
1.010257,
1.005155,
1.005102,
1.005102,
1.005102,
1.007706,
1.005102,
1.000000,
1.002551,
1.007653,
1.000000,
1.010364,
1.010309,
1.005102,
1.010364,
1.012860,
1.007653,
1.007706,
1.005102,
1.005102,
1.005102,
1.002551,
1.002551,
1.002551,
1.000000,
1.007706,
1.002551,
1.002551,
1.005155,
1.002551,
1.005102,
1.005155,
1.007653,
1.007706,
1.007653,
1.007706,
1.007706,
1.005155,
1.015628,
1.000000,
1.002551,
1.005102,
1.007706,
1.002551,
1.000000,
1.010257,
1.000000,
1.007706,
1.002551,
1.005102,
1.005155,
1.005102,
1.002551,
1.010257,
1.000000,
1.002551,
1.005102,
1.002551,
1.005102,
1.007706,
1.005155,
1.002551,
1.005155,
1.000000,
1.010364,
1.002551,
1.005155,
1.000000,
1.000000,
1.010257,
1.002551,
1.000000,
1.000000,
1.005102,
1.000000,
1.010309,
1.000000,
1.002551,
1.000000,
1.000000,
1.005102,
1.000000,
1.000000,
1.010257,
1.007706,
1.000000,
1.005128,
1.007653,
1.012860,
1.000000,
1.002551,
1.005155,
1.005155,
1.005102,
1.000000,
1.005155,
1.005102,
1.002551,
1.002551,
1.007706,
1.005102,
1.000000,
1.002551,
1.000000,
1.000000,
1.000000,
1.002577,
1.005102,
1.007653,
1.005102,
1.005102,
1.005102,
1.005155,
1.000000,
1.002551,
1.005102,
1.005102,
1.005102,
1.005102,
1.010257,
1.002551,
1.010257,
1.007706,
1.007653,
1.002551,
1.000000,
1.012915,
1.000000,
1.002551,
1.002551,
1.005155,
1.007653,
1.000000,
1.002551,
1.005102,
1.002551,
1.005155,
1.005155,
1.002551,
1.002551,
1.013077,
1.007653,
1.000000,
1.005102,
1.005102,
1.005155,
1.010257,
1.005102,
1.002551,
1.005102,
1.002551,
1.005155,
1.000000,
1.007706,
1.007653,
1.000000,
1.002551,
1.005102,
1.005102,
1.010364,
1.002551,
1.002551,
1.005102,
1.010257,
1.002551,
1.000000,
1.005102,
1.007706,
1.005155,
1.007653,
1.002551,
1.010257,
1.000000,
1.002551,
1.000000,
1.005102,
1.002551,
1.005102,
1.000000,
1.000000,
1.007706,
1.000000,
1.000000,
1.002551,
1.002551,
1.005102,
1.002551,
1.002551,
1.002551,
1.000000,
1.010257,
1.007653,
1.000000,
1.007653,
1.005102,
1.002551,
1.005155,
1.005102,
1.000000,
1.002551,
1.010364,
1.002551,
1.005102,
1.005155,
1.005102,
1.000000,
1.002551,
1.005102,
1.005102,
1.002551,
1.000000,
1.000000,
1.002551,
1.007812,
1.007706,
1.002551,
1.007706,
1.005102,
1.000000,
1.002551,
1.005102,
1.007706,
1.005102,
1.000000,
1.000000,
1.005102,
1.007653,
1.002551,
1.000000,
1.000000,
1.007653,
1.002551,
1.000000,
1.000000,
1.000000,
1.007706,
1.000000,
1.000000,
1.002551,
1.002551,
1.002551,
1.002551,
1.002551,
1.000000,
1.005102,
1.005102,
1.002551,
1.005102,
1.000000,
1.005155,
1.007706,
1.005102,
1.000000,
1.005102,
1.007706,
1.000000,
1.000000,
1.000000,
1.002551,
1.000000,
1.010257,
1.002551,
1.000000,
1.002551,
1.005102,
1.010364,
1.000000,
1.005155,
1.005155,
1.002551,
1.000000,
1.002551,
1.000000,
1.012860,
1.002551,
1.000000,
1.002551,
1.005102,
1.002551,
1.005155,
1.005102,
1.007653,
1.010309,
1.007706,
1.002551,
1.002551,
1.002551,
1.000000,
1.000000,
1.002551,
1.005102,
1.002551,
1.007653,
1.002551,
1.002551,
1.002551,
1.000000,
1.005102,
1.015466,
1.005102,
1.002551,
1.010204,
1.007653,
1.002551,
1.000000,
1.000000,
1.002551,
1.000000,
1.005102,
1.010257,
1.000000,
1.000000,
1.002551,
1.000000,
1.002551,
1.000000,
1.005102,
1.005102,
1.012860,
1.007706,
1.000000,
1.000000,
1.005102,
1.000000,
1.000000,
1.005102,
1.005155,
1.005155,
1.000000,
1.002551,
1.002551,
1.007653,
1.000000,
1.002551,
1.000000,
1.005102,
1.000000,
1.002551,
1.005102,
1.002551,
1.000000,
1.002551,
1.005102,
1.007706,
1.000000,
1.002551,
1.002551,
1.005102,
1.000000,
1.005102,
1.005155,
1.007653,
1.010257,
1.002551,
1.000000,
1.005102,
1.005155,
1.007706,
1.002551,
1.000000,
1.007653,
1.000000,
1.000000,
1.007706,
1.002551,
1.005102,
1.005208,
1.000000,
1.002551,
1.000000,
1.005102,
1.000000,
1.000000,
1.007706,
1.002551,
1.002551,
1.000000,
1.000000,
1.005102,
1.005155,
1.005102,
1.000000,
1.005155,
1.000000,
1.007706,
1.005155,
1.000000,
1.002551,
1.005102,
1.005102,
1.002551,
1.000000,
1.002551,
1.002551,
1.000000,
1.000000,
1.002551,
1.000000,
1.005102,
1.002551,
1.005102,
1.002551,
1.002551,
1.002551,
1.002551,
1.002551,
1.002551,
1.002551,
1.000000,
1.007706,
1.000000,
1.002551,
1.007706,
1.002551,
1.002551,
1.007706,
1.002551,
1.002551,
1.000000,
1.000000,
1.002551,
1.015681,
1.002551,
1.005102,
1.002551,
1.000000,
1.000000,
1.005102,
1.002551,
1.002551,
1.002551,
1.002551,
1.002551,
1.002551,
1.002551,
1.000000,
1.007706,
1.007653,
1.000000,
1.007812,
1.005155,
1.005102,
1.007706,
1.002551,
1.000000,
1.005102,
1.005102,
1.005155,
1.000000,
1.002551,
1.002551,
1.000000,
1.002551,
1.000000,
1.002551,
1.005102,
1.000000,
1.005102,
1.002551,
1.005102,
1.000000,
1.005102,
1.000000,
1.002551,
1.002551,
1.005102,
1.002551,
1.000000,
1.005102,
1.000000,
1.005155,
1.000000,
1.000000,
1.002551,
1.002551,
1.002551,
1.000000,
1.007706,
1.002551,
1.002551,
1.005102,
1.000000,
1.002551,
1.002551,
1.007653,
1.002551,
1.002551,
1.000000,
1.002551,
1.002551,
1.000000,
1.007653,
1.005102,
1.000000,
1.000000,
1.000000,
1.000000,
1.002551,
1.005102,
1.005155,
1.000000,
1.000000,
1.007706,
1.000000,
1.000000,
1.007706,
1.000000,
1.002551,
1.000000,
1.002551,
1.000000,
1.000000,
1.002551,
1.005102,
1.010309,
1.000000,
1.002551,
1.007812,
1.000000,
1.000000,
1.005102,
1.005102,
1.002551,
1.007653,
1.000000,
1.002551,
1.000000,
1.002551,
1.002551,
1.000000,
1.000000,
1.000000,
1.000000,
1.002551,
1.000000,
1.005102,
1.002551,
1.007653,
1.002551,
1.000000,
1.002551,
1.005102,
1.000000,
1.002551,
1.002551,
1.002551,
1.005102,
1.000000,
1.007653,
1.005155,
1.005102,
1.005102,
1.000000,
1.000000,
1.005102,
1.000000,
1.002551,
1.000000,
1.007653,
1.002551,
1.002551,
1.000000,
1.000000,
1.000000,
1.007653,
1.002551,
1.000000,
1.007706,
1.002551,
1.002551,
1.000000,
1.000000,
1.005102,
1.000000,
1.005102,
1.002551,
1.000000,
1.000000,
1.000000,
1.002551,
1.002551,
1.005155,
1.000000,
1.002551,
1.002551,
1.005102,
1.010257,
1.002551,
1.000000,
1.000000,
1.000000,
1.000000,
1.005102,
1.005102,
1.010204,
1.000000,
1.000000,
1.000000,
1.002551,
1.007706,
1.000000,
1.002551,
1.005102,
1.002551,
1.005155,
1.002551,
1.000000,
1.000000,
1.007706,
1.002551,
1.002551,
1.002551,
1.002551,
1.002551,
1.000000,
1.000000,
1.000000,
1.002551,
1.005102,
1.010257,
1.000000,
1.002551,
1.002551,
1.005155,
1.005102,
1.000000,
1.000000,
1.000000,
1.005155,
1.000000,
1.002551,
1.005155,
1.002551,
1.002551,
1.000000,
1.005102,
1.007706,
1.007706,
1.002551,
1.002551,
1.000000,
1.002551,
1.002551,
1.000000,
1.005155,
1.000000,
1.000000,
1.005102,
1.005155,
1.000000,
1.002551,
1.005102,
1.005102,
1.002551,
1.005102,
1.007706,
1.002551,
1.005102,
1.007812,
1.002551,
1.002551,
1.005155,
1.000000,
1.005102,
1.000000,
1.000000,
1.010257,
1.000000,
1.002551,
1.002551,
1.002551,
1.005102,
1.002551,
1.002551,
1.000000,
1.002551,
1.002551,
1.005102,
1.000000,
1.000000,
1.000000,
1.007812,
1.000000,
1.000000,
1.000000,
1.005155,
1.002551,
1.002551,
1.005102,
1.000000,
1.000000,
1.000000,
1.000000,
1.000000,
1.000000,
1.000000,
1.002551,
1.005102,
1.002551,
1.002551,
1.005102,
1.000000,
1.005102,
1.005102,
1.000000,
1.000000,
1.005155,
1.005102,
1.000000,
1.002551,
1.000000,
1.005102,
1.005102,
1.005155,
1.000000,
1.002551,
1.000000,
1.000000,
1.002551,
1.005102,
1.002551,
1.000000,
1.002551,
1.000000,
1.007706,
1.000000,
1.000000,
1.005102,
1.000000,
1.007812,
1.005102,
1.005155,
1.010257,
1.005102,
1.000000,
1.000000,
1.002551,
1.002551,
1.002551,
1.000000,
1.007706,
1.000000,
1.002551,
1.000000,
1.000000,
1.000000,
1.000000,
1.002551,
1.000000,
1.005102,
1.005102,
1.000000,
1.002551,
1.002551,
1.002551,
1.002551,
1.002551,
1.000000,
1.002551,
1.002551,
1.002551,
1.000000,
1.000000,
1.000000,
1.005155,
1.002551,
1.000000,
1.000000,
1.002551,
1.005102,
1.002551,
1.000000,
1.000000,
1.007653,
1.007653,
1.000000,
1.002551,
1.002551,
1.000000,
1.005102,
1.002551,
1.000000,
1.002551,
1.002551,
1.000000,
1.002551,
1.000000,
1.002551,
1.002551,
1.000000,
1.005102,
1.002551,
1.002551,
1.002551,
1.002551,
1.000000,
1.000000,
1.002551,
1.002551,
1.005102,
1.002551,
1.002551,
1.010309,
1.005102,
1.000000,
1.005155,
1.000000,
1.000000,
1.005102,
1.005102,
1.000000,
1.002551,
1.000000,
1.000000,
1.002551,
1.000000,
1.007812,
1.002551,
1.002551,
1.000000,
1.002551,
1.002551,
1.000000,
1.002551,
1.002551,
1.002551,
1.002551,
1.007653,
1.000000,
1.002551,
1.005102,
1.002551,
1.002551,
1.000000,
1.000000,
1.002551,
1.000000,
1.000000,
1.002551,
1.002551,
1.002551,
1.002551,
1.000000,
1.002551,
1.000000,
1.005155,
1.005155,
1.002551,
1.000000,
1.000000,
1.002551,
1.010257,
1.000000,
1.000000,
1.000000,
1.002551,
1.000000,
1.002551,
1.000000,
1.000000,
1.005102,
1.000000,
1.002551,
1.002551,
1.007653,
1.002551,
1.005102,
1.000000,
1.002551,
1.002551,
1.002551,
1.002551,
1.002551,
1.002551,
1.000000,
1.000000,
1.002551,
1.000000,
1.002551,
1.000000,
1.010364,
1.005102,
1.002551,
1.000000,
1.000000,
1.002551,
1.005102,
1.002551,
1.005102,
1.005102,
1.002551,
1.007653,
1.005155,
1.002551,
1.007653,
1.005102,
1.005102,
1.002551,
1.007653,
1.002551,
1.002551,
1.002551,
1.000000,
1.000000,
1.002551,
1.005155,
1.002551,
1.000000,
1.005155,
1.000000,
1.000000,
1.005102,
1.005102,
1.000000,
1.000000,
1.005102,
1.002551,
1.002551,
1.007653,
1.005155,
1.002551,
1.000000,
1.000000,
1.002551,
1.002551,
1.007653,
1.002551,
1.002551,
1.002551,
1.000000,
1.007706,
1.000000,
1.007706,
1.007653,
1.002551,
1.000000,
1.002551,
1.000000,
1.000000,
1.000000,
1.005102,
1.005102,
1.002551,
1.002551,
1.005102,
1.002551,
1.000000,
1.002551,
1.002551,
1.000000,
1.005102,
1.002551,
1.000000,
1.002551,
1.002551,
1.000000,
1.000000,
1.000000,
1.000000,
1.007706,
1.005102,
1.002551,
1.000000,
1.000000,
1.002551,
1.000000,
1.005102,
1.000000,
1.005102,
1.005102,
1.000000,
1.005155,
1.000000,
1.002551,
1.002551,
1.000000,
1.000000,
1.002551,
1.002551,
1.002551,
1.000000,
1.000000,
1.000000,
1.000000,
1.000000,
1.000000,
1.000000,
1.002551,
1.000000,
1.002551,
1.002551,
1.000000,
1.002551,
1.000000,
1.000000,
1.002551,
1.005102,
1.002551,
1.000000,
1.000000,
1.000000,
1.002551,
1.002551,
1.002551,
1.005155,
1.000000,
1.000000,
1.000000,
1.000000,
1.000000,
1.000000,
1.000000,
1.002551,
1.000000,
1.002551,
1.012915,
1.000000,
1.002551,
1.002551,
1.000000,
1.010257,
1.000000,
1.005102,
1.002551,
1.007706,
1.005102,
1.002551,
1.000000,
1.000000,
1.000000,
1.000000,
1.005102,
1.000000,
1.000000,
1.002551,
1.002551,
1.005155,
1.007706,
1.002551,
1.000000,
1.005102,
1.000000,
1.000000,
1.002551,
1.000000,
1.000000,
1.007706,
1.000000,
1.000000,
1.000000,
1.002551,
1.000000,
1.007706,
1.002551,
1.000000,
1.010257,
1.000000,
1.000000,
1.002551,
1.000000,
1.000000,
1.000000,
1.000000,
1.002551,
1.000000,
1.000000,
1.002551,
1.007653,
1.005102,
1.000000,
1.000000,
1.002551,
1.002551,
1.002551,
1.007706,
1.002551,
1.000000,
1.005102,
1.002551,
1.000000,
1.002551,
1.002551,
1.005102,
1.005102,
1.000000,
1.000000,
1.005102,
1.000000,
1.002551,
1.002551,
1.002551,
1.000000,
1.000000,
1.000000,
1.000000,
1.000000,
1.005102,
1.000000,
1.002551,
1.000000,
1.002551,
1.000000,
1.002551,
1.005155,
1.002551,
1.000000,
1.000000,
1.002551,
1.000000,
1.005155,
1.002551,
1.005102,
1.005102,
1.002551,
1.005102,
1.000000,
1.002551,
1.002551,
1.000000,
1.002551,
1.000000,
1.000000,
1.005102,
1.002551,
1.000000,
1.002551,
1.005102,
1.005102,
1.005102,
1.002551,
1.005102,
1.002551,
1.000000,
1.005102,
1.002551,
1.000000,
1.000000,
1.005102,
1.000000,
1.000000,
1.000000,
1.002551,
1.005102,
1.002551,
1.002551,
1.002551,
1.000000,
1.002551,
1.002551,
1.000000,
1.005102,
1.000000,
1.000000,
1.000000,
1.005102,
1.002551,
1.005102,
1.000000,
1.000000,
1.005102,
1.000000,
1.002551,
1.000000,
1.000000,
1.000000,
1.002551,
1.000000,
1.005102,
1.000000,
1.000000,
1.000000,
1.002551,
1.002551,
1.000000,
1.002551,
1.000000,
1.000000,
1.000000,
1.000000,
1.005102,
1.000000,
1.005102,
1.005102,
1.000000,
1.000000,
1.002551,
1.000000,
1.002551,
1.000000,
1.000000,
1.005102,
1.000000,
1.000000,
1.005155,
1.000000,
1.000000,
1.002551,
1.000000,
1.000000,
1.002551,
1.002551,
1.000000,
1.000000,
1.002551,
1.005155,
1.005102,
1.000000,
1.000000,
1.000000,
1.000000,
1.000000,
1.000000,
1.005102,
1.005102,
1.000000,
1.000000,
1.000000,
1.000000,
1.000000,
1.002551,
1.002551,
1.002551,
1.005102,
1.000000,
1.000000,
1.002551,
1.000000,
1.005155,
1.000000,
1.000000,
1.002551,
1.000000,
1.002551,
1.002551,
1.002551,
1.002551,
1.000000,
1.002551,
1.005102,
1.002551,
1.002551,
1.002551,
1.000000,
1.000000,
1.002551,
1.002551,
1.000000,
1.002551,
1.000000,
1.002551,
1.002551,
1.002551,
1.005102,
1.002551,
1.000000,
1.000000,
1.000000,
1.000000,
1.000000,
1.000000,
1.005102,
1.000000,
1.005102,
1.000000,
1.000000,
1.000000,
1.005102,
1.002551,
1.000000,
1.000000,
1.000000,
1.000000,
1.002551,
1.002551,
1.000000,
1.000000,
1.000000,
1.000000,
1.005102,
1.005155,
1.000000,
1.002551,
1.005102,
1.000000,
1.000000,
1.005155,
1.002551,
1.005102,
1.000000,
1.000000,
1.005155,
1.000000,
1.000000,
1.000000,
1.000000,
1.000000,
1.000000,
1.005155,
1.000000,
1.000000,
1.002551,
1.000000,
1.002551,
1.002551,
1.000000,
1.000000,
1.000000,
1.005102,
1.000000,
1.002551,
1.005102,
1.005102,
1.000000,
