45.078125,
45.078125,
45.078125,
45.078125,
45.078125,
23.657775,
23.214918,
21.919141,
22.039788,
21.813058,
22.133854,
13.513998,
14.579545,
15.127122,
16.309939,
13.649834,
17.804123,
11.579203,
13.753138,
9.713328,
12.124131,
11.870384,
10.235338,
9.543423,
9.359768,
8.655629,
9.055963,
8.501635,
7.685341,
8.121051,
6.779844,
7.172006,
7.345765,
7.723111,
6.384977,
6.035537,
6.227740,
6.047173,
6.449771,
6.054885,
8.108021,
5.334826,
5.339383,
5.622577,
5.860302,
5.773304,
5.794259,
4.563613,
5.307618,
4.351553,
4.334809,
4.719245,
4.794842,
4.041097,
4.549446,
4.498080,
4.236444,
4.270371,
5.103082,
3.962055,
3.673985,
4.394500,
5.149055,
5.213047,
3.664900,
4.113408,
4.464086,
3.935873,
3.229011,
3.594096,
3.816384,
3.267092,
3.607457,
4.294817,
3.968072,
3.796498,
3.762426,
3.287827,
3.640685,
3.125341,
3.587799,
3.398687,
4.130055,
3.107479,
3.128196,
3.096918,
3.436343,
3.278927,
3.253216,
3.207164,
3.189319,
3.066818,
3.730858,
3.295008,
3.109096,
2.888981,
3.085227,
2.904232,
2.778690,
2.669578,
2.766225,
2.673562,
2.749390,
2.848901,
2.714942,
3.087572,
2.916368,
2.697617,
2.514818,
2.257821,
2.560597,
2.836289,
2.493992,
2.837750,
2.638056,
2.645161,
2.598442,
2.435481,
2.501359,
2.265861,
2.748432,
2.659708,
2.451159,
2.347133,
2.670007,
2.319468,
2.418216,
2.546077,
2.578730,
2.098111,
2.482511,
2.090854,
2.310474,
2.603107,
2.649255,
2.317256,
2.329971,
2.228696,
2.388518,
2.107592,
2.247444,
2.005144,
2.325877,
2.625901,
2.105092,
2.421837,
2.083266,
2.396274,
2.291032,
2.199737,
2.259122,
2.005558,
2.390036,
2.006659,
2.196922,
2.313610,
1.960205,
2.311541,
2.229899,
2.015310,
2.082625,
2.083072,
2.199472,
1.982632,
1.822329,
1.980559,
2.067350,
1.938763,
1.834778,
2.023235,
2.072923,
1.975863,
2.020442,
2.041862,
2.083027,
1.916793,
2.021530,
1.866576,
1.961121,
1.798862,
2.015037,
1.766695,
1.824591,
1.874838,
1.831727,
1.810313,
1.934347,
1.925330,
1.856020,
2.092872,
2.108789,
2.013389,
1.738331,
2.131142,
1.696453,
1.900874,
1.904236,
1.799479,
1.730383,
1.805724,
1.863128,
1.744697,
1.841955,
1.765538,
1.924017,
1.802672,
1.724826,
1.828248,
1.778419,
1.746225,
1.726729,
1.945255,
1.758124,
1.705932,
1.694383,
1.860906,
1.738870,
1.762122,
1.820944,
2.060205,
1.960117,
1.829405,
1.646957,
1.827654,
1.640623,
1.797579,
1.665907,
1.758923,
1.597124,
1.744102,
1.744498,
1.637246,
1.603132,
1.599059,
1.665931,
1.699364,
1.552589,
1.686239,
1.618584,
1.768458,
1.545233,
1.454926,
1.485670,
1.509928,
1.817216,
1.756315,
1.641424,
1.661765,
1.564218,
1.707595,
1.689167,
1.717530,
1.663909,
1.874624,
1.585756,
1.440413,
1.460118,
1.616159,
1.611552,
1.645404,
1.530546,
1.518407,
1.568364,
1.524809,
1.542651,
1.693441,
1.481439,
1.594272,
1.475283,
1.576264,
1.533831,
1.417521,
1.572576,
1.513211,
1.499422,
1.470110,
1.503303,
1.440185,
1.512773,
1.540259,
1.393069,
1.403383,
1.487223,
1.476320,
1.415654,
1.411386,
1.817110,
1.475676,
1.528857,
1.514180,
1.478155,
1.594415,
1.499613,
1.646715,
1.421151,
1.376466,
1.496464,
1.378006,
1.464184,
1.400005,
1.425940,
1.584195,
1.502789,
1.472670,
1.415147,
1.377861,
1.449835,
1.474190,
1.382668,
1.358075,
1.509373,
1.419141,
1.444283,
1.434857,
1.336366,
1.485916,
1.424930,
1.434304,
1.517719,
1.412048,
1.379644,
1.429819,
1.442820,
1.362563,
1.354832,
1.408702,
1.379608,
1.396024,
1.407028,
1.460978,
1.338730,
1.512919,
1.339060,
1.393405,
1.358342,
1.395115,
1.399538,
1.443582,
1.386136,
1.378858,
1.333026,
1.394814,
1.341664,
1.430172,
1.337796,
1.345308,
1.338093,
1.354070,
1.417476,
1.391669,
1.334698,
1.395613,
1.344307,
1.283036,
1.372400,
1.361752,
1.296360,
1.297818,
1.343235,
1.352155,
1.319341,
1.292320,
1.293358,
1.350427,
1.359324,
1.322126,
1.297645,
1.394855,
1.338282,
1.288636,
1.418933,
1.349057,
1.291022,
1.391217,
1.316804,
1.312108,
1.303054,
1.304768,
1.293525,
1.317783,
1.283170,
1.300899,
1.270287,
1.285050,
1.285877,
1.303881,
1.412618,
1.282754,
1.271754,
1.271785,
1.342331,
1.375068,
1.276226,
1.283142,
1.301756,
1.235632,
1.280765,
1.334867,
1.386485,
1.254929,
1.250598,
1.253861,
1.263343,
1.364945,
1.260567,
1.275904,
1.277657,
1.238300,
1.256306,
1.290555,
1.276183,
1.238714,
1.243567,
1.292217,
1.279037,
1.271916,
1.248324,
1.236464,
1.266143,
1.250136,
1.265648,
1.244506,
1.263236,
1.368332,
1.271405,
1.232681,
1.271297,
1.312072,
1.259982,
1.253734,
1.244653,
1.228116,
1.319295,
1.245725,
1.255634,
1.215315,
1.257026,
1.254603,
1.239250,
1.222387,
1.256143,
1.217106,
1.227269,
1.235247,
1.208833,
1.230716,
1.230020,
1.256304,
1.212598,
1.246345,
1.289197,
1.230108,
1.251287,
1.227528,
1.221210,
1.265452,
1.237824,
1.228630,
1.271246,
1.225712,
1.243801,
1.242756,
1.275561,
1.227169,
1.218842,
1.227714,
1.280575,
1.263277,
1.214861,
1.230883,
1.230897,
1.208027,
1.203962,
1.230962,
1.207650,
1.218711,
1.238753,
1.200744,
1.229669,
1.214418,
1.210991,
1.223318,
1.207561,
1.198172,
1.223714,
1.207692,
1.199175,
1.233789,
1.227420,
1.205135,
1.245092,
1.204796,
1.201944,
1.207164,
1.211357,
1.212874,
1.207814,
1.237049,
1.219469,
1.193745,
1.217783,
1.182525,
1.217154,
1.197322,
1.185079,
1.218146,
1.193148,
1.224030,
1.223677,
1.181834,
1.203344,
1.200020,
1.191909,
1.204483,
1.192898,
1.222053,
1.183312,
1.187910,
1.184722,
1.218834,
1.201272,
1.199810,
1.187150,
1.187063,
1.204615,
1.188036,
1.199547,
1.196049,
1.268412,
1.167321,
1.204798,
1.196591,
1.201710,
1.179275,
1.195955,
1.191577,
1.192878,
1.197222,
1.198954,
1.174472,
1.187593,
1.183303,
1.183372,
1.174017,
1.198919,
1.179282,
1.182743,
1.186221,
1.179117,
1.196267,
1.190316,
1.206253,
1.180747,
1.187348,
1.191722,
1.175364,
1.169116,
1.189175,
1.171439,
1.174159,
1.184429,
1.178733,
1.188510,
1.183907,
1.196113,
1.178449,
1.177101,
1.181329,
1.176755,
1.191796,
1.184260,
1.159861,
1.162821,
1.175229,
1.175077,
1.177664,
1.158634,
1.187328,
1.180357,
1.170185,
1.154917,
1.160210,
1.164596,
1.170149,
1.168216,
1.153972,
1.168022,
1.160432,
1.176753,
1.159724,
1.169997,
1.168225,
1.184244,
1.160793,
1.172961,
1.174106,
1.159834,
1.162263,
1.156408,
1.172165,
1.159355,
1.160055,
1.153405,
1.171709,
1.160243,
1.146372,
1.156500,
1.158161,
1.148356,
1.162888,
1.153679,
1.143209,
1.186212,
1.163133,
1.163196,
1.154771,
1.150140,
1.158507,
1.164397,
1.165802,
1.162282,
1.143836,
1.163344,
1.175494,
1.164894,
1.154054,
1.154145,
1.157686,
1.157359,
1.138437,
1.179520,
1.148838,
1.169392,
1.151391,
1.149219,
1.147982,
1.146370,
1.150118,
1.155249,
1.148561,
1.167224,
1.156276,
1.164199,
1.139252,
1.155447,
1.149002,
1.150839,
1.140031,
1.158683,
1.139248,
1.143704,
1.149904,
1.138979,
1.141257,
1.143593,
1.138114,
1.149224,
1.138454,
1.141010,
1.138472,
1.146185,
1.139428,
1.131896,
1.143353,
1.136361,
1.134523,
1.146376,
1.137081,
1.141600,
1.143353,
1.188982,
1.135953,
1.136377,
1.166745,
1.138503,
1.130486,
1.136926,
1.138621,
1.144283,
1.146639,
1.140596,
1.141453,
1.129815,
1.130693,
1.132051,
1.147532,
1.133909,
1.142950,
1.147739,
1.137122,
1.132429,
1.152945,
1.141835,
1.131981,
1.137190,
1.130203,
1.136366,
1.126264,
1.136511,
1.146308,
1.132444,
1.139857,
1.130348,
1.135752,
1.126070,
1.130074,
1.150682,
1.149475,
1.138484,
1.127983,
1.126653,
1.129995,
1.133104,
1.131363,
1.128266,
1.140695,
1.152339,
1.122724,
1.133022,
1.134734,
1.125351,
1.137704,
1.126954,
1.129368,
1.128508,
1.131745,
1.136022,
1.105687,
1.124288,
1.133285,
1.135250,
1.125207,
1.135558,
1.121495,
1.130603,
1.124746,
1.124911,
1.130020,
1.126872,
1.125182,
1.123139,
1.131502,
1.126351,
1.128699,
1.125116,
1.131313,
1.152561,
1.130415,
1.114375,
1.113528,
1.139770,
1.121343,
1.118744,
1.121893,
1.134870,
1.127339,
1.125838,
1.110999,
1.118192,
1.133045,
1.115902,
1.128975,
1.125515,
1.116980,
1.122095,
1.121328,
1.124773,
1.121881,
1.115704,
1.110808,
1.121058,
1.123548,
1.124859,
1.117029,
1.111032,
1.113283,
1.125801,
1.126571,
1.129043,
1.112872,
1.119130,
1.120040,
1.112312,
1.122424,
1.122002,
1.115651,
1.116078,
1.116343,
1.119028,
1.119859,
1.110243,
1.107485,
1.119308,
1.117590,
1.113335,
1.118674,
1.103901,
1.114499,
1.107754,
1.113298,
1.118247,
1.134697,
1.108907,
1.121837,
1.113069,
1.123311,
1.106409,
1.119805,
1.131220,
1.105641,
1.116862,
1.123310,
1.122257,
1.117012,
1.111229,
1.113477,
1.113401,
1.106876,
1.114516,
1.131269,
1.113231,
1.112713,
1.104010,
1.122862,
1.131732,
1.106546,
1.116272,
1.107757,
1.111544,
1.118551,
1.104847,
1.116371,
1.107681,
1.093021,
1.101765,
1.105892,
1.117282,
1.113042,
1.093188,
1.112234,
1.104641,
1.118297,
1.113324,
1.105713,
1.109651,
1.106845,
1.112471,
1.108872,
1.098606,
1.114681,
1.108773,
1.103194,
1.108833,
1.104375,
1.127488,
1.096478,
1.108512,
1.115569,
1.109190,
1.113518,
1.099035,
1.103890,
1.110441,
1.096780,
1.107299,
1.102393,
1.091017,
1.100471,
1.107777,
1.094014,
1.107510,
1.106367,
1.095356,
1.116227,
1.101893,
1.105766,
1.099754,
1.106866,
1.111098,
1.102613,
1.100528,
1.098713,
1.104445,
1.109522,
1.095432,
1.099716,
1.096853,
1.106340,
1.099557,
1.107376,
1.094943,
1.100544,
1.097763,
1.105010,
1.101453,
1.090136,
1.108178,
1.102605,
1.104755,
1.104004,
1.099304,
1.108804,
1.095566,
1.093130,
1.109094,
1.093278,
1.097871,
1.099707,
1.095108,
1.097746,
1.090270,
1.095686,
1.103784,
1.097303,
1.108122,
1.106205,
1.102268,
1.117053,
1.097933,
1.092188,
1.105919,
1.093304,
1.098906,
1.092448,
1.094150,
1.094305,
1.092737,
1.094489,
1.096167,
1.104600,
1.097706,
1.086769,
1.093916,
1.103654,
1.089815,
1.100659,
1.102436,
1.087617,
1.099959,
1.099398,
1.094278,
1.089744,
1.094940,
1.095245,
1.102857,
1.100075,
1.100410,
1.093876,
1.086484,
1.089419,
1.085634,
1.093374,
1.097804,
1.082080,
1.093055,
1.098657,
1.090056,
1.090671,
1.088592,
1.088959,
1.098706,
1.093410,
1.097479,
1.087273,
1.080876,
1.086086,
1.089692,
1.088643,
1.084612,
1.097352,
1.093115,
1.093348,
1.097446,
1.093587,
1.095287,
1.084994,
1.082558,
1.096228,
1.090507,
1.084530,
1.091227,
1.098585,
1.083337,
1.089080,
1.084477,
1.094366,
1.093203,
1.091504,
1.092545,
1.088399,
1.091059,
1.090005,
1.090030,
1.082061,
1.080929,
1.091762,
1.089313,
1.092432,
1.093738,
1.088826,
1.081023,
1.088085,
1.088215,
1.094381,
1.090382,
1.090986,
1.084238,
1.076798,
1.090476,
1.078657,
1.085000,
1.081649,
1.084017,
1.094112,
1.093766,
1.089316,
1.091648,
1.084274,
1.088320,
1.086582,
1.091937,
1.082595,
1.079772,
1.087752,
1.090338,
1.086750,
1.083824,
1.083088,
1.087124,
1.091714,
1.082936,
1.081875,
1.088944,
1.090219,
1.098210,
1.083684,
1.086285,
1.076035,
1.077826,
1.082043,
1.074639,
1.080474,
1.094326,
1.079704,
1.084726,
1.085950,
1.083186,
1.081418,
1.083333,
1.082923,
1.083304,
1.086918,
1.082578,
1.083603,
1.085424,
1.078510,
1.081018,
1.077806,
1.085217,
1.079384,
1.079813,
1.081250,
1.080004,
1.085278,
1.080807,
1.077655,
1.083014,
1.083175,
1.080335,
1.075893,
1.078026,
1.087169,
1.082611,
1.073944,
1.086312,
1.080618,
1.079563,
1.080717,
1.088052,
1.084559,
1.090493,
1.077344,
1.083377,
1.087576,
1.086079,
1.073615,
1.086843,
1.079339,
1.086821,
1.073852,
1.081537,
1.075066,
1.077545,
1.077008,
1.079882,
1.077212,
1.083729,
1.081654,
1.079709,
1.077956,
1.083371,
1.082474,
1.078959,
1.075840,
1.073722,
1.077407,
1.076182,
1.077742,
1.083693,
1.079410,
1.075619,
1.083115,
1.080370,
1.074511,
1.074855,
1.069534,
1.081666,
1.080886,
1.082266,
1.084136,
1.079886,
1.082160,
1.070938,
1.081749,
1.070792,
1.076743,
1.080657,
1.099947,
1.076894,
1.078626,
1.077044,
1.079047,
1.082348,
1.076215,
1.074789,
1.073576,
1.078592,
1.074658,
1.075061,
1.080071,
1.086990,
1.076833,
1.075085,
1.069814,
1.075860,
1.077408,
1.079502,
1.078885,
1.074988,
1.071033,
1.073349,
1.078298,
1.068611,
1.069419,
1.078324,
1.075953,
1.074944,
1.077635,
1.075925,
1.076924,
1.078271,
1.074286,
1.076706,
1.083002,
1.068090,
1.090554,
1.067730,
1.074937,
1.075344,
1.073375,
1.067332,
1.074159,
1.072538,
1.074139,
1.072688,
1.080190,
1.071001,
1.078032,
1.071633,
1.072295,
1.064521,
1.073298,
1.074968,
1.073736,
1.076580,
1.078430,
1.071203,
1.070167,
1.080776,
1.073609,
1.071946,
1.073394,
1.066169,
1.068164,
1.070307,
1.066674,
1.064475,
1.080626,
1.074901,
1.073589,
1.070875,
1.071409,
1.064876,
1.073828,
1.064514,
1.062933,
1.073884,
1.074965,
1.073392,
1.068606,
1.064763,
1.073708,
1.078850,
1.069867,
1.076088,
1.065605,
1.069973,
1.064837,
1.065555,
1.065463,
1.075768,
1.069106,
1.072070,
1.073441,
1.068831,
1.068735,
1.070870,
1.073722,
1.067629,
1.068982,
1.068516,
1.075555,
1.067479,
1.060878,
1.059747,
1.074140,
1.067429,
1.064056,
1.073734,
1.073540,
1.068302,
1.065983,
1.070756,
1.071200,
1.065988,
1.068034,
1.074066,
1.072579,
1.065676,
1.065869,
1.066787,
1.077501,
1.062654,
1.073276,
1.072862,
1.066710,
1.070963,
1.065597,
1.071701,
1.069449,
1.068754,
1.067763,
1.065625,
1.066263,
1.071416,
1.057066,
1.067427,
1.065472,
1.075340,
1.072518,
1.062951,
1.068892,
1.065166,
1.063399,
1.070154,
1.063692,
1.063313,
1.068122,
1.073909,
1.070854,
1.065705,
1.067463,
1.069217,
1.064681,
1.067168,
1.074210,
1.065163,
1.060369,
1.069564,
1.062482,
1.081309,
1.062694,
1.072066,
1.064459,
1.064132,
1.061741,
1.072500,
1.062664,
1.064559,
1.069941,
1.062364,
1.065777,
1.070992,
1.066124,
1.069885,
1.068000,
1.064953,
1.063275,
1.061319,
1.064181,
1.069194,
1.062070,
1.071346,
1.060353,
1.064242,
1.067707,
1.064366,
1.064861,
1.063984,
1.068621,
1.068508,
1.062296,
1.062690,
1.067265,
1.061995,
1.063501,
1.067390,
1.061765,
1.061299,
1.064457,
1.062039,
1.068812,
1.063896,
1.073191,
1.058032,
1.068483,
1.057845,
1.060804,
1.069646,
1.064248,
1.061817,
1.066601,
1.064348,
1.068905,
1.054288,
1.059538,
1.064730,
1.057009,
1.056657,
1.064933,
1.059276,
1.064377,
1.062535,
1.064660,
1.062465,
1.057903,
1.057311,
1.066847,
1.062415,
1.063645,
1.060530,
1.060231,
1.062208,
1.062584,
1.060983,
1.055967,
1.061395,
1.061650,
1.055921,
1.060302,
1.053739,
1.059679,
1.061790,
1.060756,
1.056261,
1.067805,
1.054339,
1.066233,
1.063915,
1.058815,
1.058602,
1.061043,
1.058742,
1.064473,
1.053934,
1.057174,
1.063167,
1.058174,
1.060371,
1.062333,
1.064413,
1.061151,
1.053889,
1.052304,
1.068053,
1.058380,
1.065257,
1.058876,
1.057367,
1.059963,
1.069357,
1.061938,
1.063414,
1.057013,
1.059861,
1.056739,
1.059727,
1.066010,
1.055406,
1.062018,
1.066761,
1.055731,
1.057086,
1.062384,
1.063388,
1.058377,
1.063662,
1.059746,
1.061507,
1.065303,
1.062878,
1.063666,
1.063673,
1.057172,
1.058908,
1.056189,
1.062591,
1.061497,
1.063041,
1.057979,
1.064452,
1.062256,
1.066556,
1.052026,
1.053693,
1.057502,
1.060159,
1.064738,
1.059820,
1.062906,
1.058457,
1.059760,
1.056998,
1.059990,
1.052034,
1.057585,
1.061835,
1.064726,
1.058490,
1.063223,
1.057102,
1.063393,
1.067523,
1.056639,
1.054549,
1.057374,
1.056174,
1.059557,
1.064466,
1.055624,
1.053988,
1.056617,
1.062005,
1.050237,
1.055447,
1.056978,
1.059296,
1.063717,
1.059097,
1.056302,
1.057350,
1.051792,
1.058452,
1.052146,
1.057431,
1.052914,
1.063121,
1.059100,
1.057467,
1.061029,
1.049801,
1.058265,
1.059182,
1.059514,
1.052244,
1.059820,
1.052061,
1.062488,
1.059044,
1.053674,
1.053641,
1.055941,
1.056913,
1.062981,
1.056408,
1.056938,
1.057360,
1.055335,
1.055381,
1.055924,
1.054084,
1.055945,
1.058440,
1.057151,
1.056425,
1.053097,
1.056628,
1.049868,
1.058384,
1.053801,
1.054221,
1.057705,
1.055152,
1.051693,
1.059694,
1.056841,
1.050915,
1.059033,
1.060502,
1.056842,
1.052028,
1.054323,
1.052697,
1.056378,
1.056859,
1.052009,
1.060813,
1.053472,
1.051075,
1.050521,
1.055088,
1.050568,
1.058075,
1.057518,
1.056022,
1.057626,
1.052491,
1.059180,
1.057327,
1.053583,
1.055356,
1.056416,
1.065181,
1.047893,
1.045819,
1.055004,
1.056275,
1.059488,
1.059358,
1.053688,
1.049034,
1.051098,
1.053932,
1.054207,
1.053940,
1.054365,
1.049414,
1.056827,
1.056931,
1.052996,
1.057386,
1.058223,
1.049312,
1.047152,
1.051650,
1.051446,
1.051573,
1.049914,
1.051490,
1.054650,
1.058964,
1.048202,
1.054110,
1.055016,
1.056668,
1.054289,
1.055812,
1.048268,
1.054863,
1.054152,
1.056747,
1.056070,
1.054652,
1.057808,
1.046938,
1.055381,
1.054708,
1.050301,
1.049968,
1.056198,
1.047383,
1.050978,
1.056787,
1.054721,
1.050755,
1.053357,
1.055694,
1.050994,
1.054811,
1.056983,
1.053546,
1.052480,
1.056570,
1.045955,
1.055357,
1.048862,
1.052129,
1.057779,
1.052628,
1.059972,
1.050259,
1.053655,
1.055664,
1.046594,
1.053380,
1.059234,
1.057053,
1.051707,
1.049518,
1.054518,
1.057080,
1.051526,
1.052985,
1.047437,
1.057388,
1.048471,
1.049616,
1.053206,
1.053887,
1.050310,
1.051520,
1.043482,
1.053085,
1.056792,
1.049460,
1.040952,
1.045836,
1.049319,
1.058598,
1.054243,
1.046937,
1.048505,
1.056664,
1.053136,
1.058858,
1.048418,
1.053946,
1.051052,
1.050183,
1.052590,
1.042317,
1.051492,
1.049560,
1.052276,
1.049476,
1.050972,
1.050121,
1.051704,
1.051944,
1.049643,
1.052636,
1.052531,
1.044529,
1.057468,
1.048913,
1.052724,
1.055493,
1.049795,
1.049158,
1.049448,
1.047378,
1.048644,
1.044839,
1.050957,
1.052132,
1.052089,
1.045265,
1.046503,
1.048964,
1.051789,
1.055815,
1.046951,
1.045407,
1.045429,
1.042620,
1.046791,
1.050485,
1.050166,
1.044272,
1.050155,
1.049959,
1.052430,
1.053718,
1.046995,
1.050715,
1.053470,
1.048487,
1.055675,
1.045479,
1.053189,
1.052489,
1.046224,
1.048786,
1.049009,
1.047215,
1.047157,
1.053430,
1.051557,
1.049281,
1.047609,
1.051742,
1.048642,
1.048560,
1.052225,
1.051975,
1.043781,
1.051619,
1.049940,
1.043619,
1.047679,
1.045442,
1.050516,
1.050061,
1.050163,
1.051748,
1.050337,
1.048981,
1.052326,
1.043907,
1.045437,
1.050529,
1.047437,
1.045332,
1.047477,
1.043897,
1.052214,
1.050504,
1.046024,
1.048569,
1.050919,
1.048819,
1.047253,
1.050007,
1.055740,
1.049715,
1.048557,
1.050974,
1.048254,
1.050905,
1.051073,
1.043797,
1.046150,
1.051812,
1.039908,
1.046706,
1.048661,
1.046190,
1.054166,
1.043094,
1.046721,
1.044704,
1.052505,
1.043698,
1.048356,
1.049789,
1.047719,
1.045341,
1.048323,
1.047011,
1.051994,
1.049738,
1.050168,
1.050143,
1.046238,
1.043864,
1.049841,
1.048783,
1.054589,
1.043918,
1.042970,
1.047634,
1.045909,
1.040841,
1.042455,
1.045845,
1.048738,
1.049551,
1.043675,
1.048979,
1.042836,
1.042400,
1.042560,
1.041084,
1.044583,
1.047780,
1.048897,
1.050002,
1.044160,
1.045220,
1.047668,
1.051837,
1.051075,
1.038976,
1.043370,
1.048628,
1.048568,
1.041325,
1.044642,
1.045185,
1.051787,
1.046427,
1.050723,
1.050360,
1.049122,
1.046350,
1.050044,
1.050570,
1.046303,
1.044616,
1.043941,
1.041179,
1.039188,
1.048628,
1.044518,
1.048552,
1.042681,
1.042091,
1.040976,
1.043336,
1.042504,
1.041778,
1.044548,
1.048228,
1.046509,
1.047290,
1.043088,
1.046689,
1.042643,
1.045200,
1.044086,
1.042147,
1.046718,
1.044753,
1.044948,
1.042514,
1.044811,
1.045716,
1.041137,
1.048123,
1.049907,
1.041880,
1.050624,
1.044659,
1.046226,
1.041717,
1.045271,
1.043912,
1.045414,
1.043648,
1.043926,
1.040562,
1.043622,
1.038098,
1.047071,
1.040542,
1.044423,
1.049579,
1.043137,
1.048543,
1.040366,
1.049307,
1.049824,
1.049942,
1.040056,
1.044476,
1.044146,
1.044445,
1.040876,
1.044631,
1.042764,
1.044459,
1.043748,
1.048057,
1.043494,
1.044958,
1.044862,
1.044653,
1.041139,
1.053815,
1.041877,
1.047906,
1.044986,
1.049812,
1.048197,
1.041530,
1.044548,
1.043635,
1.046812,
1.043604,
1.039475,
1.046845,
1.042274,
1.043467,
1.035466,
1.044392,
1.043284,
1.046515,
1.045450,
1.042616,
1.042775,
1.041310,
1.043485,
1.042485,
1.043970,
1.042776,
1.041461,
1.043019,
1.044082,
1.043006,
1.045732,
1.038539,
1.047846,
1.039607,
1.040890,
1.041177,
1.049605,
1.044514,
1.041180,
1.041564,
1.043592,
1.045799,
1.043030,
1.043748,
1.042597,
1.040163,
1.041219,
1.041386,
1.043521,
1.037892,
1.042338,
1.043718,
1.036886,
1.041899,
1.043024,
1.042910,
1.042462,
1.043482,
1.040163,
1.037040,
1.040746,
1.049239,
1.043671,
1.039611,
1.041800,
1.038598,
1.037529,
1.043039,
1.037031,
1.038605,
1.038577,
1.034821,
1.040561,
1.045935,
1.041579,
1.037681,
1.047944,
1.044170,
1.040247,
1.049384,
1.041569,
1.041137,
1.041830,
1.041072,
1.039082,
1.048550,
1.037992,
1.043193,
1.041332,
1.044424,
1.037213,
1.040776,
1.037983,
1.043879,
1.038115,
1.046208,
1.036241,
1.042655,
1.043915,
1.044210,
1.043196,
1.038220,
1.036955,
1.043829,
1.041930,
1.045665,
1.043983,
1.045469,
1.040021,
1.044146,
1.037324,
1.040997,
1.039760,
1.041479,
1.036695,
1.039105,
1.036855,
1.040897,
1.036576,
1.043245,
1.042343,
1.041579,
1.042275,
1.044955,
1.040570,
1.038216,
1.034105,
1.038590,
1.037709,
1.040483,
1.043287,
1.038165,
1.041570,
1.039266,
1.048374,
1.042137,
1.040634,
1.039003,
1.042601,
1.043518,
1.041495,
1.041194,
1.043339,
1.037278,
1.040763,
1.040189,
1.040521,
1.045322,
1.040461,
1.036727,
1.040111,
1.034455,
1.040233,
1.036877,
1.038007,
1.043857,
1.042270,
1.042498,
1.042023,
