7.722756,
7.722756,
7.722756,
7.722756,
7.722756,
4.699576,
5.232003,
4.711509,
4.043404,
4.265257,
5.500341,
4.312879,
3.480647,
3.311425,
3.639841,
4.108502,
3.887549,
2.497237,
3.256281,
2.804959,
2.400695,
3.153285,
3.048329,
1.981983,
2.141661,
2.354704,
2.106454,
2.214401,
2.120752,
1.890615,
1.747638,
1.691997,
2.073749,
1.687693,
1.950357,
1.521102,
1.614796,
1.642006,
1.541225,
1.698506,
1.511658,
1.482411,
1.493140,
1.416170,
1.565798,
1.549725,
1.448470,
1.395616,
1.255224,
1.331907,
1.301335,
1.323995,
1.469027,
1.366212,
1.286872,
1.261770,
1.338819,
1.384134,
1.251351,
1.309431,
1.296645,
1.200017,
1.288537,
1.335997,
1.266619,
1.308653,
1.227496,
1.189735,
1.167949,
1.251017,
1.239030,
1.202556,
1.172846,
1.169312,
1.208027,
1.173802,
1.189675,
1.142549,
1.185340,
1.162648,
1.112179,
1.169332,
1.182613,
1.224145,
1.132038,
1.168678,
1.181985,
1.150576,
1.133472,
1.147903,
1.104001,
1.132229,
1.091959,
1.137331,
1.123388,
1.102543,
1.154916,
1.132159,
1.108736,
1.142134,
1.122222,
1.100409,
1.129073,
1.132229,
1.114353,
1.139730,
1.140551,
1.092745,
1.096226,
1.125579,
1.078234,
1.124280,
1.072546,
1.126091,
1.114397,
1.109098,
1.111235,
1.108580,
1.085471,
1.081542,
1.108456,
1.096598,
1.079169,
1.070452,
1.097824,
1.082485,
1.115967,
1.084071,
1.113383,
1.078586,
1.070876,
1.093626,
1.078095,
1.075512,
1.096638,
1.100379,
1.104152,
1.105021,
1.090529,
1.089236,
1.063434,
1.066730,
1.076159,
1.082667,
1.071049,
1.079662,
1.061240,
1.101922,
1.069352,
1.077300,
1.043806,
1.088902,
1.073385,
1.098225,
1.084502,
1.074340,
1.085624,
1.104516,
1.069450,
1.053574,
1.067827,
1.077075,
1.076690,
1.059693,
1.070696,
1.046378,
1.069542,
1.075418,
1.091041,
1.062146,
1.081669,
1.053541,
1.096695,
1.049445,
1.053513,
1.059216,
1.061280,
1.052242,
1.060480,
1.075441,
1.089994,
1.064788,
1.051955,
1.049564,
1.076897,
1.068493,
1.052489,
1.055110,
1.064454,
1.064279,
1.046744,
1.045283,
1.042510,
1.039477,
1.056710,
1.052201,
1.050747,
1.038191,
1.034427,
1.066394,
1.053637,
1.065200,
1.069203,
1.056292,
1.049493,
1.064939,
1.035605,
1.046380,
1.048482,
1.064925,
1.046362,
1.044246,
1.043723,
1.042449,
1.038501,
1.029063,
1.037081,
1.041150,
1.066492,
1.042362,
1.042602,
1.052190,
1.044006,
1.045615,
1.034328,
1.052044,
1.037256,
1.032889,
1.031476,
1.040863,
1.035652,
1.063974,
1.042405,
1.041118,
1.042530,
1.044000,
1.050872,
1.028703,
1.045081,
1.027403,
1.044935,
1.040978,
1.028953,
1.053717,
1.047030,
1.050697,
1.042320,
1.022028,
1.049819,
1.043755,
1.039817,
1.034364,
1.032747,
1.039790,
1.045434,
1.038507,
1.030132,
1.034244,
1.047989,
1.039653,
1.046673,
1.035836,
1.038410,
1.032973,
1.042338,
1.038207,
1.043784,
1.027415,
1.039796,
1.038232,
1.033088,
1.039737,
1.036734,
1.032635,
1.050686,
1.034247,
1.026182,
1.030292,
1.039739,
1.027858,
1.034104,
1.022221,
1.035609,
1.028648,
1.026269,
1.045251,
1.027430,
1.046586,
1.049420,
1.024912,
1.027427,
1.037324,
1.034132,
1.032749,
1.039477,
1.048004,
1.031602,
1.028957,
1.030130,
1.030340,
1.019658,
1.024716,
1.047362,
1.015494,
1.022332,
1.034359,
1.030146,
1.037630,
1.025962,
1.031559,
1.023537,
1.045224,
1.041181,
1.024744,
1.023443,
1.028974,
1.027346,
1.020893,
1.024660,
1.040948,
1.022225,
1.030347,
1.018068,
1.039883,
1.027652,
1.022083,
1.032974,
1.032747,
1.026437,
1.012941,
1.022222,
1.027428,
1.028647,
1.036108,
1.023439,
1.025989,
1.034214,
1.020754,
1.024688,
1.019536,
1.031363,
1.020808,
1.028843,
1.026046,
1.024744,
1.012887,
1.018123,
1.026209,
1.024910,
1.026073,
1.022057,
1.023443,
1.035519,
1.026017,
1.020892,
1.022055,
1.016767,
1.023359,
1.028869,
1.010310,
1.022055,
1.020673,
1.034385,
1.026019,
1.024772,
1.035461,
1.027388,
1.016767,
1.018069,
1.016794,
1.026128,
1.019536,
1.030292,
1.026333,
1.024912,
1.018341,
1.028787,
1.015491,
1.030308,
1.012887,
1.028813,
1.014189,
1.023498,
1.019439,
1.025138,
1.016753,
1.032747,
1.030118,
1.020808,
1.020726,
1.022085,
1.027530,
1.022137,
1.016795,
1.024605,
1.025989,
1.033056,
1.028732,
1.024800,
1.034105,
1.037121,
1.026086,
1.026126,
1.031505,
1.027427,
1.020934,
1.019371,
1.016795,
1.020700,
1.020728,
1.037023,
1.030116,
1.028759,
1.031445,
1.015573,
1.022030,
1.015545,
1.016794,
1.026305,
1.016820,
1.018124,
1.028675,
1.020952,
1.018235,
1.018306,
1.012968,
1.022055,
1.008968,
1.038438,
1.024912,
1.021975,
1.023304,
1.020951,
1.008994,
1.022247,
1.026350,
1.022336,
1.028841,
1.018069,
1.014136,
1.008981,
1.018123,
1.023610,
1.027373,
1.027400,
1.023372,
1.027459,
1.023332,
1.021204,
1.018232,
1.019690,
1.020673,
1.012914,
1.014189,
1.019650,
1.030484,
1.015518,
1.023455,
1.012915,
1.023441,
1.016822,
1.014216,
1.019370,
1.018095,
1.022138,
1.019536,
1.016740,
1.020755,
1.034358,
1.018095,
1.014190,
1.027457,
1.020726,
1.019399,
1.015684,
1.020754,
1.020673,
1.015573,
1.024716,
1.020981,
1.022192,
1.019480,
1.014190,
1.014163,
1.024824,
1.024769,
1.020781,
1.013053,
1.012915,
1.028647,
1.016848,
1.022056,
1.020755,
1.015491,
1.024822,
1.019371,
1.016767,
1.020728,
1.023496,
1.015505,
1.010310,
1.023579,
1.014298,
1.012914,
1.019371,
1.020783,
1.027517,
1.016902,
1.016739,
1.018123,
1.010257,
1.020838,
1.023332,
1.011639,
1.014163,
1.024966,
1.012861,
1.016848,
1.018207,
1.019794,
1.020780,
1.024688,
1.016740,
1.018230,
1.007679,
1.014189,
1.009035,
1.015465,
1.010310,
1.015465,
1.010230,
1.019453,
1.027372,
1.018261,
1.011558,
1.015465,
1.019561,
1.017264,
1.011586,
1.015518,
1.012954,
1.019425,
1.016930,
1.018151,
1.022165,
1.016848,
1.015465,
1.019618,
1.015520,
1.016875,
1.015492,
1.005128,
1.022140,
1.023385,
1.010283,
1.015573,
1.012860,
1.022057,
1.008955,
1.014244,
1.022138,
1.012861,
1.030061,
1.009090,
1.030287,
1.011599,
1.014216,
1.015600,
1.011559,
1.027541,
1.012834,
1.012834,
1.016820,
1.014163,
1.014136,
1.011612,
1.015438,
1.018095,
1.014189,
1.010230,
1.015465,
1.019426,
1.014163,
1.014110,
1.018204,
1.015518,
1.014162,
1.018137,
1.009061,
1.007706,
1.014189,
1.007679,
1.008981,
1.018123,
1.007733,
1.012887,
1.019452,
1.008955,
1.014216,
1.016984,
1.010336,
1.010230,
1.019344,
1.019479,
1.013079,
1.006404,
1.015824,
1.012834,
1.014163,
1.010310,
1.012887,
1.018151,
1.011585,
1.012887,
1.024714,
1.011572,
1.007679,
1.014216,
1.014163,
1.007706,
1.018122,
1.016767,
1.016822,
1.020754,
1.008981,
1.019397,
1.009088,
1.008981,
1.012915,
1.011532,
1.005223,
1.018096,
1.011558,
1.012887,
1.015492,
1.007706,
1.009035,
1.014216,
1.026128,
1.012847,
1.011599,
1.019535,
1.018178,
1.010283,
1.008981,
1.015627,
1.007679,
1.012887,
1.011558,
1.023443,
1.016767,
1.003827,
1.010363,
1.010283,
1.018149,
1.008981,
1.012834,
1.015915,
1.016906,
1.019425,
1.011558,
1.011641,
1.009090,
1.010391,
1.012969,
1.015465,
1.011693,
1.015600,
1.019452,
1.009035,
1.012943,
1.015492,
1.007759,
1.012996,
1.010230,
1.014163,
1.014285,
1.014189,
1.011612,
1.015520,
1.018177,
1.012941,
1.012834,
1.010283,
1.005102,
1.012834,
1.008955,
1.011804,
1.009008,
1.007706,
1.014189,
1.018232,
1.012941,
1.011747,
1.011667,
1.014163,
1.010283,
1.010284,
1.016713,
1.011612,
1.014216,
1.010283,
1.015518,
1.009035,
1.011586,
1.015518,
1.021975,
1.007653,
1.020808,
1.010391,
1.023496,
1.011612,
1.012887,
1.012860,
1.014216,
1.012808,
1.010257,
1.011558,
1.012887,
1.007666,
1.011586,
1.010257,
1.010310,
1.006378,
1.018348,
1.011558,
1.012861,
1.014163,
1.011532,
1.011612,
1.012834,
1.015546,
1.014270,
1.015465,
1.015438,
1.011612,
1.010445,
1.011667,
1.003827,
1.014189,
1.006378,
1.019536,
1.009035,
1.007653,
1.010257,
1.014243,
1.006404,
1.008955,
1.012887,
1.006404,
1.012861,
1.007706,
1.014243,
1.012861,
1.003853,
1.009007,
1.020892,
1.010230,
1.007733,
1.012941,
1.016822,
1.013022,
1.009035,
1.009049,
1.008981,
1.006404,
1.015600,
1.014136,
1.008981,
1.011586,
1.006404,
1.007679,
1.018230,
1.012834,
1.003853,
1.011586,
1.011612,
1.014231,
1.010310,
1.011532,
1.015586,
1.014162,
1.014189,
1.015573,
1.007679,
1.008981,
1.018151,
1.012861,
1.018015,
1.010310,
1.020699,
1.015465,
1.010257,
1.014163,
1.012834,
1.011625,
1.012834,
1.012860,
1.010364,
1.014189,
1.018151,
1.007706,
1.016794,
1.010365,
1.011558,
1.010391,
1.005128,
1.015465,
1.010257,
1.005102,
1.011532,
1.008981,
1.005102,
1.014244,
1.012943,
1.016767,
1.010310,
1.010257,
1.019371,
1.008955,
1.015546,
1.003853,
1.006404,
1.006378,
1.006378,
1.007759,
1.007733,
1.011532,
1.009035,
1.014163,
1.016847,
1.006404,
1.012941,
1.007679,
1.007733,
1.014189,
1.010257,
1.007706,
1.016822,
1.010230,
1.011558,
1.011559,
1.005128,
1.008981,
1.014136,
1.016794,
1.005128,
1.002551,
1.008955,
1.016820,
1.019344,
1.001276,
1.011532,
1.014189,
1.010310,
1.015630,
1.011612,
1.010283,
1.006378,
1.008981,
1.009008,
1.010257,
1.010323,
1.007679,
1.007759,
1.014244,
1.011720,
1.005102,
1.009035,
1.008955,
1.016794,
1.007706,
1.008929,
1.011641,
1.003827,
1.009116,
1.006404,
1.006378,
1.014229,
1.012861,
1.003827,
1.007679,
1.006404,
1.012914,
1.007679,
1.012860,
1.009090,
1.012916,
1.007706,
1.007706,
1.010310,
1.005128,
1.006457,
1.009007,
1.007733,
1.009035,
1.008981,
1.006430,
1.007679,
1.011586,
1.012887,
1.006404,
1.014136,
1.003827,
1.006430,
1.016847,
1.007679,
1.010257,
1.010336,
1.007706,
1.010310,
1.006404,
1.011558,
1.010363,
1.011558,
1.014298,
1.014244,
1.010475,
1.003853,
1.011558,
1.011532,
1.007679,
1.012808,
1.015627,
1.003827,
1.015465,
1.007679,
1.009090,
1.010257,
1.007679,
1.008929,
1.010310,
1.006404,
1.007814,
1.012941,
1.006404,
1.009035,
1.010310,
1.008955,
1.002551,
1.006378,
1.007679,
1.010257,
1.011558,
1.003827,
1.008981,
1.006404,
1.002551,
1.002551,
1.007812,
1.014244,
1.005102,
1.012834,
1.010310,
1.011667,
1.006430,
1.007679,
1.008981,
1.006378,
1.011641,
1.011559,
1.011585,
1.003853,
1.006391,
1.008981,
1.014298,
1.012860,
1.012887,
1.012887,
1.015465,
1.011586,
1.005102,
1.009008,
1.005115,
1.008929,
1.007679,
1.008981,
1.016849,
1.006378,
1.007679,
1.010310,
1.011639,
1.003840,
1.014163,
1.007732,
1.006404,
1.014216,
1.010257,
1.008981,
1.012860,
1.007679,
1.006404,
1.011532,
1.015545,
1.011612,
1.018151,
1.006378,
1.007653,
1.011586,
1.011694,
1.006378,
1.003840,
1.007653,
1.010230,
1.006404,
1.007679,
1.007706,
1.010310,
1.005102,
1.003827,
1.009008,
1.006404,
1.008981,
1.010364,
1.010257,
1.003853,
1.010257,
1.003827,
1.007653,
1.012941,
1.006430,
1.005128,
1.014163,
1.008955,
1.005128,
1.005182,
1.007679,
1.010364,
1.007706,
1.007679,
1.014189,
1.011586,
1.000000,
1.005128,
1.006417,
1.006404,
1.005102,
1.006378,
1.014216,
1.005102,
1.009035,
1.008955,
1.006457,
1.010230,
1.010257,
1.010310,
1.009008,
1.007653,
1.007679,
1.007733,
1.006404,
1.007679,
1.011751,
1.008981,
1.006404,
1.011586,
1.009008,
1.001276,
1.005102,
1.007706,
1.010257,
1.006430,
1.012914,
1.002551,
1.003853,
1.008929,
1.003827,
1.007706,
1.010310,
1.007706,
1.005128,
1.005128,
1.003827,
1.005128,
1.005128,
1.007679,
1.007706,
1.011612,
1.010310,
1.010310,
1.007693,
1.007679,
1.005128,
1.005128,
1.002551,
1.012914,
1.007733,
1.015573,
1.023387,
1.003827,
1.003827,
1.006404,
1.008955,
1.003853,
1.008981,
1.014163,
1.006378,
1.009035,
1.006404,
1.010283,
1.005128,
1.007706,
1.002551,
1.005102,
1.008981,
1.003853,
1.007679,
1.003827,
1.006430,
1.012808,
1.007706,
1.003827,
1.008994,
1.006430,
1.010323,
1.005102,
1.005128,
1.009116,
1.010284,
1.007733,
1.007679,
1.007706,
1.003853,
1.007706,
1.006378,
1.006430,
1.010310,
1.002551,
1.002551,
1.010310,
1.003827,
1.010230,
1.007653,
1.008955,
1.012915,
1.005102,
1.007679,
1.011559,
1.011667,
1.007814,
1.007706,
1.003827,
1.007733,
1.012834,
1.010257,
1.009061,
1.007746,
1.006404,
1.006378,
1.008981,
1.003827,
1.005102,
1.005128,
1.011777,
1.005128,
1.010284,
1.001276,
1.005128,
1.006430,
1.014189,
1.011612,
1.011612,
1.003827,
1.010309,
1.007653,
1.006404,
1.011612,
1.014328,
1.011532,
1.011558,
1.007733,
1.005128,
1.006404,
1.003827,
1.003853,
1.010284,
1.008981,
1.002551,
1.003827,
1.008955,
1.014162,
1.010310,
1.001276,
1.015520,
1.006378,
1.009007,
1.005102,
1.009035,
1.002551,
1.002551,
1.003827,
1.011558,
1.014324,
1.006378,
1.003853,
1.010257,
1.009008,
1.001276,
1.007759,
1.006457,
1.008968,
1.003827,
1.002551,
1.006404,
1.007706,
1.003853,
1.008955,
1.008955,
1.006404,
1.003853,
1.003853,
1.002551,
1.009035,
1.020783,
1.014244,
1.006404,
1.014218,
1.009008,
1.007706,
1.003853,
1.005102,
1.006430,
1.009061,
1.006404,
1.002551,
1.003827,
1.006430,
1.011558,
1.014163,
1.007706,
1.003853,
1.003827,
1.006430,
1.008955,
1.005141,
1.003853,
1.002577,
1.002577,
1.007679,
1.008981,
1.005128,
1.009008,
1.006430,
1.007706,
1.003853,
1.006404,
1.011572,
1.005102,
1.008981,
1.009008,
1.003827,
1.010310,
1.005128,
1.008981,
1.005102,
1.006404,
1.007679,
1.003827,
1.007679,
1.007679,
1.016794,
1.002577,
1.007706,
1.005102,
1.002551,
1.003853,
1.006378,
1.008955,
1.011586,
1.007706,
1.014136,
1.009035,
1.005128,
1.006404,
1.009008,
1.007706,
1.007706,
1.003827,
1.003853,
1.008981,
1.005128,
1.005128,
1.003827,
1.006404,
1.008981,
1.015520,
1.006391,
1.012969,
1.010257,
1.005155,
1.003827,
1.003840,
1.006404,
1.006404,
1.010336,
1.002551,
1.005128,
1.003827,
1.005102,
1.011532,
1.001276,
1.002551,
1.012916,
1.005182,
1.002551,
1.003853,
1.006457,
1.002551,
1.005102,
1.005102,
1.003827,
1.007653,
1.005128,
1.011558,
1.007679,
1.007679,
1.007706,
1.006404,
1.008981,
1.006391,
1.006404,
1.011586,
1.005102,
1.007706,
1.009008,
1.002551,
1.007733,
1.011558,
1.007706,
1.006378,
1.006404,
1.000000,
1.005102,
1.010336,
1.010283,
1.007706,
1.006457,
1.005128,
1.019608,
1.007733,
1.005182,
1.007706,
1.002551,
1.007759,
1.005128,
1.007679,
1.008955,
1.006417,
1.005128,
1.006430,
1.005128,
1.006430,
1.009035,
1.005102,
1.009090,
1.003853,
1.007732,
1.006404,
1.002551,
1.007759,
1.009076,
1.007679,
1.003827,
1.010391,
1.007706,
1.003827,
1.007706,
1.009008,
1.006404,
1.005102,
1.006404,
1.008981,
1.003853,
1.006404,
1.003827,
1.009035,
1.005128,
1.005155,
1.011612,
1.006404,
1.012834,
1.008955,
1.007733,
1.005102,
1.007653,
1.012834,
1.006457,
1.001276,
1.006378,
1.005128,
1.010230,
1.007706,
1.007679,
1.007706,
1.009090,
1.005102,
1.001276,
1.003827,
1.005128,
1.005102,
1.003827,
1.005128,
1.007706,
1.005102,
1.007706,
1.006378,
1.007706,
1.002551,
1.005128,
1.005128,
1.001276,
1.002551,
1.006404,
1.001276,
1.006404,
1.006457,
1.002551,
1.003827,
1.008981,
1.005102,
1.003827,
1.006430,
1.002577,
1.006404,
1.001276,
1.003827,
1.002551,
1.001276,
1.002551,
1.002551,
1.008981,
1.007706,
1.006539,
1.011612,
1.011667,
1.001276,
1.002551,
1.006430,
1.003827,
1.011612,
1.005102,
1.007706,
1.010257,
1.003827,
1.003827,
1.002551,
1.010257,
1.006378,
1.003827,
1.003853,
1.006484,
1.005128,
1.006404,
1.005102,
1.001276,
1.005128,
1.003827,
1.001276,
1.005102,
1.003827,
1.003827,
1.005128,
1.008981,
1.008955,
1.005102,
1.003827,
1.005128,
1.008968,
1.006404,
1.007733,
1.005102,
1.009035,
1.007733,
1.006430,
1.002551,
1.005102,
1.007679,
1.007679,
1.005128,
1.002551,
1.006404,
1.012969,
1.010283,
1.003853,
1.006430,
1.007706,
1.003827,
1.005102,
1.005128,
1.002551,
1.002551,
1.003866,
1.003827,
1.006378,
1.003827,
1.006430,
1.007706,
1.005102,
1.007706,
1.000000,
1.003853,
1.005155,
1.008981,
1.003827,
1.005128,
1.010283,
1.010310,
1.007924,
1.005128,
1.007679,
1.005128,
1.008981,
1.005182,
1.005102,
1.007653,
1.006430,
1.003827,
1.000000,
1.002551,
1.010310,
1.005102,
1.007706,
1.011665,
1.002551,
1.007679,
1.003853,
1.005128,
1.007706,
1.007679,
1.000000,
1.005128,
1.006404,
1.003827,
1.007653,
1.007679,
1.010257,
1.010257,
1.006404,
1.002551,
1.003853,
1.005182,
1.001276,
1.000000,
1.010283,
1.006484,
1.006378,
1.007746,
1.011612,
1.005128,
1.010257,
1.005128,
1.003827,
1.007733,
1.005155,
1.002551,
1.008981,
1.005115,
1.003827,
1.006430,
1.008929,
1.002551,
1.006404,
1.002551,
1.005102,
1.003827,
1.011612,
1.003853,
1.008955,
1.005128,
1.003827,
1.011532,
1.011612,
1.006378,
1.007653,
1.006430,
1.006404,
1.008955,
1.006404,
1.011532,
1.002551,
1.005102,
1.001276,
1.005128,
1.003827,
1.003827,
1.003853,
1.003906,
1.006404,
1.005128,
1.006457,
1.005102,
1.001276,
1.005102,
1.005128,
1.007679,
1.003827,
1.007679,
1.002551,
1.002551,
1.001276,
1.005102,
1.003853,
1.005128,
1.007679,
1.008955,
1.006404,
1.005128,
1.005155,
1.005102,
1.008955,
1.002577,
1.001276,
1.005182,
1.005102,
1.005128,
1.006378,
1.005182,
1.005128,
1.003827,
1.003827,
1.005102,
1.005128,
1.006404,
1.000000,
1.003827,
1.005102,
1.003827,
1.003853,
1.006404,
1.005102,
1.002551,
1.006430,
1.007679,
1.003827,
1.003853,
1.005182,
1.002551,
1.003827,
1.009035,
1.005141,
1.002551,
1.005128,
1.010310,
1.005128,
1.001276,
1.000000,
1.006430,
1.009008,
1.006404,
1.003827,
1.003827,
1.008981,
1.005102,
1.009035,
1.006404,
1.007679,
1.003827,
1.005102,
1.003827,
1.005102,
1.010230,
1.006378,
1.006404,
1.006404,
1.006404,
1.007733,
1.006404,
1.006484,
1.003827,
1.003853,
1.006404,
1.005128,
1.003853,
1.005155,
1.002551,
1.007653,
1.006404,
1.005102,
1.007679,
1.007679,
1.000000,
1.006404,
1.003827,
1.006404,
1.003853,
1.007786,
1.005155,
1.003853,
1.001276,
1.001276,
1.003853,
1.006404,
1.005102,
1.001276,
1.005128,
1.007679,
1.002577,
1.007679,
1.006498,
1.002551,
1.011532,
1.007706,
1.006378,
1.003827,
1.011586,
1.001276,
1.003853,
1.001276,
1.003853,
1.001276,
1.006430,
1.005182,
1.002551,
1.009035,
1.002551,
1.001276,
1.003827,
1.006430,
1.002551,
1.002551,
1.003827,
1.010391,
1.003827,
1.005102,
1.010283,
1.003853,
1.003827,
1.001276,
1.005182,
1.003827,
1.005128,
1.003827,
1.006404,
1.007679,
1.005141,
1.006378,
1.011586,
1.002551,
1.005102,
1.006378,
1.005128,
1.005128,
1.002551,
1.010283,
1.003853,
1.003853,
1.005128,
1.007759,
1.003853,
1.007706,
1.002551,
1.003827,
1.002551,
1.002551,
1.005102,
1.003853,
1.010310,
1.005102,
1.002551,
1.005102,
1.003853,
1.001276,
1.005102,
1.001276,
1.003827,
1.002551,
1.006378,
1.006378,
1.003827,
1.005102,
1.008955,
1.003853,
1.005128,
1.002577,
1.009035,
1.001276,
1.003827,
1.006404,
1.000000,
1.000000,
1.009090,
1.002551,
1.003827,
1.002577,
1.005128,
1.002551,
1.006430,
1.002551,
1.007706,
1.003827,
1.003827,
1.006404,
1.007679,
1.003827,
1.006404,
1.003853,
1.007706,
1.003827,
1.001276,
1.002551,
1.005128,
1.006430,
1.005128,
1.010283,
1.003827,
1.005128,
1.006430,
1.005128,
1.006457,
1.006457,
1.007706,
1.007679,
1.002551,
1.006378,
1.010310,
1.010283,
1.008981,
1.003853,
1.010257,
1.006378,
1.005102,
1.007733,
1.003827,
1.000000,
1.001276,
1.006404,
1.002577,
1.002551,
1.002551,
1.001276,
1.002551,
1.005102,
1.007706,
1.005128,
1.006378,
1.002551,
1.002551,
1.003827,
1.005102,
1.008981,
1.001276,
1.007733,
1.006404,
1.002551,
1.002551,
1.005102,
1.010310,
1.003853,
1.006404,
1.003827,
1.005128,
1.005102,
1.003827,
1.007653,
1.006404,
1.001276,
1.010309,
1.006404,
1.006430,
1.002577,
1.002577,
1.005102,
1.007706,
1.007706,
1.002551,
1.005102,
1.007706,
1.012860,
1.005102,
1.005128,
1.002551,
1.005128,
1.000000,
1.002577,
1.009035,
1.002551,
1.005128,
1.003827,
1.006404,
1.000000,
1.006430,
1.001276,
1.009008,
1.007653,
1.002551,
1.006430,
1.001276,
1.011641,
1.002551,
1.006378,
1.005128,
1.002577,
1.002551,
1.005128,
1.006404,
1.006430,
1.006378,
1.005128,
1.002551,
1.003827,
1.003827,
1.002551,
1.001276,
1.006430,
1.005102,
1.003827,
1.005128,
1.001276,
1.005155,
1.003853,
1.003827,
1.003853,
1.001276,
1.003827,
1.007733,
1.007814,
1.011639,
1.006404,
1.008981,
1.002577,
1.008981,
1.003853,
1.001276,
1.000000,
1.002577,
1.006404,
1.001276,
1.001276,
1.005128,
1.002551,
1.002551,
1.000000,
1.003827,
1.003853,
1.006404,
1.003827,
1.007733,
1.000000,
1.001276,
1.008955,
1.007679,
1.002551,
1.002551,
1.005128,
1.006430,
1.002551,
1.006457,
1.005128,
1.001276,
1.006404,
1.002551,
1.002551,
1.000000,
1.005102,
1.007733,
1.003827,
1.005182,
1.002551,
1.005102,
1.011612,
1.002551,
1.006404,
1.001276,
1.007706,
1.003827,
1.005102,
1.003827,
1.001276,
1.003853,
1.003906,
1.005102,
1.011558,
1.002551,
1.001289,
1.005102,
1.001276,
1.002551,
1.005102,
1.002551,
1.006378,
1.003827,
1.006404,
1.002551,
1.005102,
1.006404,
1.006404,
1.005128,
1.002551,
1.003827,
1.002551,
1.003853,
1.009008,
1.006404,
1.007706,
1.003827,
1.002551,
1.002551,
1.002551,
1.001276,
1.007679,
1.006404,
1.010257,
1.003827,
1.002551,
1.005102,
1.002551,
1.003827,
1.007706,
1.005128,
1.002551,
1.000000,
1.005128,
1.006457,
1.006378,
1.005128,
1.011558,
1.005102,
1.009116,
1.003827,
1.007759,
1.006404,
1.007706,
1.005128,
1.002551,
1.007679,
1.003827,
1.005128,
1.002551,
1.003827,
1.003853,
1.008929,
1.002551,
1.003853,
1.003866,
1.000000,
1.001276,
1.006430,
1.003853,
1.003853,
1.002551,
1.002551,
1.005102,
1.003827,
1.001276,
1.002551,
1.003827,
1.003853,
1.002551,
